#       time                 x_1                 y_1                 z_1                 x_2                 y_2                 z_2
   0.0000000    2.6600000000e+02    2.5600000000e+02    0.0000000000e+00    2.4600000000e+02    2.5600000000e+02    0.0000000000e+00
   2.0000000    2.6599950188e+02    2.5600000000e+02    0.0000000000e+00    2.4600049812e+02    2.5600000000e+02    0.0000000000e+00
   4.0000000    2.6599647881e+02    2.5600000000e+02    0.0000000000e+00    2.4600352119e+02    2.5600000000e+02    0.0000000000e+00
   6.0000000    2.6599089391e+02    2.5600000000e+02    0.0000000000e+00    2.4600910609e+02    2.5600000000e+02    0.0000000000e+00
   8.0000000    2.6598336365e+02    2.5600000000e+02    0.0000000000e+00    2.4601663635e+02    2.5600000000e+02    0.0000000000e+00
  10.0000000    2.6597425302e+02    2.5600000000e+02    6.9276376301e-24    2.4602574698e+02    2.5600000000e+02   -4.3426982159e-24
  12.0000000    2.6596886511e+02    2.5600000000e+02    1.3855275260e-23    2.4603113489e+02    2.5600000000e+02   -7.8582158193e-24
  14.0000000    2.6596598119e+02    2.5600000000e+02    1.3881124654e-23    2.4603401881e+02    2.5600000000e+02   -7.8323664251e-24
  16.0000000    2.6596409707e+02    2.5600000000e+02    1.3713103592e-23    2.4603590293e+02    2.5600000000e+02   -7.6255712720e-24
  18.0000000    2.6596386482e+02    2.5600000000e+02    1.3945748140e-23    2.4603613518e+02    2.5600000000e+02   -7.8000546824e-24
  20.0000000    2.6596403479e+02    2.5600000000e+02    1.3913436397e-23    2.4603596521e+02    2.5600000000e+02   -7.8323664251e-24
  22.0000000    2.6596114283e+02    2.5600000000e+02    1.3942516965e-23    2.4603885717e+02    2.5600000000e+02   -7.8396365672e-24
  24.0000000    2.6595995483e+02    2.5600000000e+02    1.3948070546e-23    2.4604004517e+02    2.5600000000e+02   -7.8440794318e-24
  26.0000000    2.6596059889e+02    2.5600000000e+02    1.3948070546e-23    2.4603940111e+02    2.5600000000e+02   -7.8440794318e-24
  28.0000000    2.6595802278e+02    2.5600000000e+02    1.3948070546e-23    2.4604197722e+02    2.5600000000e+02   -7.8440794318e-24
  30.0000000    2.6595592868e+02    2.5600000000e+02    1.3962610830e-23    2.4604407132e+02    2.5600000000e+02   -7.8424638447e-24
  32.0000000    2.6595283770e+02    2.5600000000e+02    1.3988460225e-23    2.4604716230e+02    2.5600000000e+02   -7.8683132388e-24
  34.0000000    2.6594791371e+02    2.5600000000e+02    1.4014309619e-23    2.4605208629e+02    2.5600000000e+02   -7.8941626330e-24
  36.0000000    2.6594525029e+02    2.5600000000e+02    1.3949686133e-23    2.4605474971e+02    2.5600000000e+02   -8.1526565744e-24
  38.0000000    2.6594287329e+02    2.5600000000e+02    1.4010775522e-23    2.4605712671e+02    2.5600000000e+02   -8.2321232666e-24
  40.0000000    2.6594040772e+02    2.5600000000e+02    1.4114173098e-23    2.4605959228e+02    2.5600000000e+02   -8.2773597063e-24
  42.0000000    2.6593812994e+02    2.5600000000e+02    1.4251043621e-23    2.4606187006e+02    2.5600000000e+02   -8.1724980039e-24
  44.0000000    2.6593587392e+02    2.5600000000e+02    1.4407553625e-23    2.4606412608e+02    2.5600000000e+02   -8.2138974242e-24
  46.0000000    2.6593360207e+02    2.5600000000e+02    1.4527107072e-23    2.4606639793e+02    2.5600000000e+02   -8.1428115903e-24
  48.0000000    2.6593153388e+02    2.5600000000e+02    1.4443096542e-23    2.4606846612e+02    2.5600000000e+02   -8.0749569307e-24
  50.0000000    2.6592935941e+02    2.5600000000e+02    1.4472177110e-23    2.4607064059e+02    2.5600000000e+02   -8.1008063248e-24
  52.0000000    2.6592727857e+02    2.5600000000e+02    1.4498026504e-23    2.4607272143e+02    2.5600000000e+02   -8.1525051131e-24
  54.0000000    2.6592533575e+02    2.5600000000e+02    1.4523875898e-23    2.4607466425e+02    2.5600000000e+02   -8.1525051131e-24
  56.0000000    2.6592329517e+02    2.5600000000e+02    1.4549725292e-23    2.4607670483e+02    2.5600000000e+02   -8.1266557190e-24
  58.0000000    2.6592140310e+02    2.5600000000e+02    1.4549725292e-23    2.4607859690e+02    2.5600000000e+02   -8.1266557190e-24
  60.0000000    2.6591951502e+02    2.5600000000e+02    1.4549725292e-23    2.4608048498e+02    2.5600000000e+02   -8.1266557190e-24
  62.0000000    2.6591762280e+02    2.5600000000e+02    1.4549725292e-23    2.4608237719e+02    2.5600000000e+02   -8.1266557190e-24
  64.0000000    2.6591588759e+02    2.5600000000e+02    1.4549725292e-23    2.4608411241e+02    2.5600000000e+02   -8.1266557190e-24
  66.0000000    2.6591411974e+02    2.5600000000e+02    1.4549725292e-23    2.4608588025e+02    2.5600000000e+02   -8.1266557190e-24
  68.0000000    2.6591238163e+02    2.5600000000e+02    1.4549725292e-23    2.4608761837e+02    2.5600000000e+02   -8.1266557190e-24
  70.0000000    2.6591069560e+02    2.5600000000e+02    1.4549725292e-23    2.4608930439e+02    2.5600000000e+02   -8.1266557190e-24
  72.0000000    2.6590910364e+02    2.5600000000e+02    1.4549725292e-23    2.4609089635e+02    2.5600000000e+02   -8.1266557190e-24
  74.0000000    2.6590743933e+02    2.5600000000e+02    1.4549725292e-23    2.4609256066e+02    2.5600000000e+02   -8.1266557190e-24
  76.0000000    2.6590590961e+02    2.5600000000e+02    1.4549725292e-23    2.4609409039e+02    2.5600000000e+02   -8.1266557190e-24
  78.0000000    2.6590437627e+02    2.5600000000e+02    1.4549725292e-23    2.4609562373e+02    2.5600000000e+02   -8.1266557190e-24
  80.0000000    2.6590286341e+02    2.5600000000e+02    1.4549725292e-23    2.4609713659e+02    2.5600000000e+02   -8.1266557190e-24
  82.0000000    2.6590141843e+02    2.5600000000e+02    1.4549725292e-23    2.4609858157e+02    2.5600000000e+02   -8.1266557190e-24
  84.0000000    2.6589996640e+02    2.5600000000e+02    1.4549725292e-23    2.4610003360e+02    2.5600000000e+02   -8.1266557190e-24
  86.0000000    2.6589857926e+02    2.5600000000e+02    1.4549725292e-23    2.4610142074e+02    2.5600000000e+02   -8.1266557190e-24
  88.0000000    2.6589719622e+02    2.5600000000e+02    1.4549725292e-23    2.4610280378e+02    2.5600000000e+02   -8.1266557190e-24
  90.0000000    2.6589586388e+02    2.5600000000e+02    1.4549725292e-23    2.4610413612e+02    2.5600000000e+02   -8.1266557190e-24
  92.0000000    2.6589454279e+02    2.5600000000e+02    1.4549725292e-23    2.4610545721e+02    2.5600000000e+02   -8.1266557190e-24
  94.0000000    2.6589326303e+02    2.5600000000e+02    1.4549725292e-23    2.4610673697e+02    2.5600000000e+02   -8.1266557190e-24
  96.0000000    2.6589199921e+02    2.5600000000e+02    1.4549725292e-23    2.4610800079e+02    2.5600000000e+02   -8.1266557190e-24
  98.0000000    2.6589076473e+02    2.5600000000e+02    1.4549725292e-23    2.4610923526e+02    2.5600000000e+02   -8.1266557190e-24
 100.0000000    2.6588956006e+02    2.5600000000e+02    1.4549725292e-23    2.4611043994e+02    2.5600000000e+02   -8.1266557190e-24
 102.0000000    2.6588837048e+02    2.5600000000e+02    1.4549725292e-23    2.4611162970e+02    2.5600000000e+02   -8.1266557190e-24
 104.0000000    2.6588720692e+02    2.5600000001e+02    1.4549725292e-23    2.4611279304e+02    2.5600000000e+02   -8.1266557190e-24
 106.0000000    2.6588607304e+02    2.5600000000e+02    1.4549725292e-23    2.4611392645e+02    2.5600000000e+02   -8.1266557190e-24
 108.0000000    2.6588494980e+02    2.5599999995e+02    1.4549725292e-23    2.4611505040e+02    2.5600000000e+02   -8.1266557190e-24
 110.0000000    2.6588385386e+02    2.5599999999e+02    1.4549725292e-23    2.4611614680e+02    2.5600000001e+02   -8.1266557190e-24
 112.0000000    2.6588278520e+02    2.5600000013e+02    1.4549725292e-23    2.4611721431e+02    2.5600000000e+02   -8.1266557190e-24
 114.0000000    2.6588171787e+02    2.5600000002e+02    1.4549725292e-23    2.4611828202e+02    2.5599999996e+02   -8.1266557190e-24
 116.0000000    2.6588069274e+02    2.5599999981e+02    1.4549725292e-23    2.4611930802e+02    2.5599999999e+02   -8.1266557190e-24
 118.0000000    2.6587967112e+02    2.5600000003e+02    1.4549725292e-23    2.4612032799e+02    2.5600000010e+02   -8.1266557190e-24
 120.0000000    2.6587866799e+02    2.5600000019e+02    1.4549725292e-23    2.4612133126e+02    2.5600000001e+02   -8.1266557190e-24
 122.0000000    2.6587770221e+02    2.5599999988e+02    1.4549725292e-23    2.4612229927e+02    2.5599999986e+02   -8.1266557190e-24
 124.0000000    2.6587672318e+02    2.5599999985e+02    1.4549725292e-23    2.4612327723e+02    2.5600000004e+02   -8.1266557190e-24
 126.0000000    2.6587577611e+02    2.5600000016e+02    1.4549725292e-23    2.4612422295e+02    2.5600000014e+02   -8.1266557190e-24
 128.0000000    2.6587484791e+02    2.5600000005e+02    1.4549725292e-23    2.4612515232e+02    2.5599999990e+02   -8.1266557190e-24
 130.0000000    2.6587394440e+02    2.5599999990e+02    1.4549725292e-23    2.4612605559e+02    2.5599999989e+02   -8.1266557190e-24
 132.0000000    2.6587304446e+02    2.5600000000e+02    1.4549725292e-23    2.4612695515e+02    2.5600000009e+02   -8.1266557190e-24
 134.0000000    2.6587214675e+02    2.5599999990e+02    1.4549725292e-23    2.4612785448e+02    2.5600000003e+02   -8.1266557190e-24
 136.0000000    2.6587127927e+02    2.5599999998e+02    1.4549725292e-23    2.4612872163e+02    2.5599999995e+02   -8.1266557190e-24
 138.0000000    2.6587043114e+02    2.5600000025e+02    1.4549725292e-23    2.4612956732e+02    2.5600000001e+02   -8.1266557190e-24
 140.0000000    2.6586959840e+02    2.5599999998e+02    1.4549725292e-23    2.4613039998e+02    2.5600000004e+02   -8.1266557190e-24
 142.0000000    2.6586875787e+02    2.5599999978e+02    1.4549725292e-23    2.4613124351e+02    2.5599999994e+02   -8.1266557190e-24
 144.0000000    2.6586793492e+02    2.5599999994e+02    1.4549725292e-23    2.4613206851e+02    2.5599999986e+02   -8.1266557190e-24
 146.0000000    2.6586714314e+02    2.5600000000e+02    1.4549725292e-23    2.4613285628e+02    2.5600000012e+02   -8.1266557190e-24
 148.0000000    2.6586636307e+02    2.5600000028e+02    1.4549725292e-23    2.4613363244e+02    2.5600000019e+02   -8.1266557190e-24
 150.0000000    2.6586557754e+02    2.5600000018e+02    1.4549725292e-23    2.4613442349e+02    2.5599999977e+02   -8.1266557190e-24
 152.0000000    2.6586480421e+02    2.5599999949e+02    1.4549725292e-23    2.4613519986e+02    2.5599999991e+02   -8.1266557190e-24
 154.0000000    2.6586405443e+02    2.5599999974e+02    1.4549725292e-23    2.4613594362e+02    2.5600000029e+02   -8.1266557190e-24
 156.0000000    2.6586332141e+02    2.5600000049e+02    1.4549725292e-23    2.4613667672e+02    2.5599999989e+02   -8.1266557190e-24
 158.0000000    2.6586259309e+02    2.5600000017e+02    1.4549725292e-23    2.4613740905e+02    2.5599999972e+02   -8.1266557190e-24
 160.0000000    2.6586185730e+02    2.5599999956e+02    1.4549725292e-23    2.4613814340e+02    2.5600000018e+02   -8.1266557190e-24
 162.0000000    2.6586113807e+02    2.5599999996e+02    1.4549725292e-23    2.4613886192e+02    2.5600000014e+02   -8.1266557190e-24
 164.0000000    2.6586045504e+02    2.5600000036e+02    1.4549725292e-23    2.4613954321e+02    2.5599999973e+02   -8.1266557190e-24
 166.0000000    2.6585977317e+02    2.5599999963e+02    1.4549725292e-23    2.4614022549e+02    2.5599999991e+02   -8.1266557190e-24
 168.0000000    2.6585907667e+02    2.5599999994e+02    1.4549725292e-23    2.4614092824e+02    2.5600000048e+02   -8.1266557190e-24
 170.0000000    2.6585839787e+02    2.5600000124e+02    1.4549725292e-23    2.4614160006e+02    2.5600000018e+02   -8.1266557190e-24
 172.0000000    2.6585774990e+02    2.5599999924e+02    1.4549725292e-23    2.4614224397e+02    2.5599999900e+02   -8.1266557190e-24
 174.0000000    2.6585710882e+02    2.5599999781e+02    1.4549725292e-23    2.4614290093e+02    2.5599999962e+02   -8.1266557190e-24
 176.0000000    2.6585644539e+02    2.5600000215e+02    1.4549725292e-23    2.4614355555e+02    2.5600000180e+02   -8.1266557190e-24
 178.0000000    2.6585580012e+02    2.5600000242e+02    1.4549725292e-23    2.4614418530e+02    2.5600000043e+02   -8.1266557190e-24
 180.0000000    2.6585519822e+02    2.5599999648e+02    1.4549725292e-23    2.4614481020e+02    2.5599999745e+02   -8.1266557190e-24
 182.0000000    2.6585458007e+02    2.5599999837e+02    1.4549725292e-23    2.4614543061e+02    2.5599999985e+02   -8.1266557190e-24
 184.0000000    2.6585394443e+02    2.5600000406e+02    1.4549725292e-23    2.4614604254e+02    2.5600000286e+02   -8.1266557190e-24
 186.0000000    2.6585335331e+02    2.5600000025e+02    1.4549725292e-23    2.4614664496e+02    2.5599999965e+02   -8.1266557190e-24
 188.0000000    2.6585277460e+02    2.5599999635e+02    1.4549725292e-23    2.4614723369e+02    2.5599999734e+02   -8.1266557190e-24
 190.0000000    2.6585217013e+02    2.5600000093e+02    1.4549725292e-23    2.4614782619e+02    2.5600000085e+02   -8.1266557190e-24
 192.0000000    2.6585158681e+02    2.5600000270e+02    1.4549725292e-23    2.4614841312e+02    2.5600000208e+02   -8.1266557190e-24
 194.0000000    2.6585102706e+02    2.5599999835e+02    1.4549725292e-23    2.4614897546e+02    2.5599999871e+02   -8.1266557190e-24
 196.0000000    2.6585045624e+02    2.5599999833e+02    1.4549725292e-23    2.4614953869e+02    2.5599999870e+02   -8.1266557190e-24
 198.0000000    2.6584989323e+02    2.5600000191e+02    1.4549725292e-23    2.4615010742e+02    2.5600000150e+02   -8.1266557190e-24
 200.0000000    2.6584934789e+02    2.5600000068e+02    1.4549725292e-23    2.4615065808e+02    2.5600000045e+02   -8.1266557190e-24
 202.0000000    2.6584879911e+02    2.5599999836e+02    1.4549725292e-23    2.4615119738e+02    2.5599999865e+02   -8.1266557190e-24
 204.0000000    2.6584825866e+02    2.5600000010e+02    1.4549725292e-23    2.4615173648e+02    2.5600000017e+02   -8.1266557190e-24
 206.0000000    2.6584773204e+02    2.5600000091e+02    1.4549725292e-23    2.4615227314e+02    2.5600000088e+02   -8.1266557190e-24
 208.0000000    2.6584720242e+02    2.5599999963e+02    1.4549725292e-23    2.4615279885e+02    2.5599999955e+02   -8.1266557190e-24
 210.0000000    2.6584667983e+02    2.5599999985e+02    1.4549725292e-23    2.4615331472e+02    2.5599999956e+02   -8.1266557190e-24
 212.0000000    2.6584617171e+02    2.5600000013e+02    1.4549725292e-23    2.4615383086e+02    2.5600000045e+02   -8.1266557190e-24
 214.0000000    2.6584566202e+02    2.5599999979e+02    1.4549725292e-23    2.4615434134e+02    2.5600000017e+02   -8.1266557190e-24
 216.0000000    2.6584515557e+02    2.5600000018e+02    1.4549725292e-23    2.4615483939e+02    2.5599999956e+02   -8.1266557190e-24
 218.0000000    2.6584466245e+02    2.5600000009e+02    1.4549725292e-23    2.4615533583e+02    2.5599999993e+02   -8.1266557190e-24
 220.0000000    2.6584417381e+02    2.5599999967e+02    1.4549725292e-23    2.4615583161e+02    2.5600000046e+02   -8.1266557190e-24
 222.0000000    2.6584368490e+02    2.5600000008e+02    1.4549725292e-23    2.4615631517e+02    2.5599999992e+02   -8.1266557190e-24
 224.0000000    2.6584320339e+02    2.5600000024e+02    1.4549725292e-23    2.4615679051e+02    2.5599999947e+02   -8.1266557190e-24
 226.0000000    2.6584273250e+02    2.5599999989e+02    1.4549725292e-23    2.4615726974e+02    2.5600000020e+02   -8.1266557190e-24
 228.0000000    2.6584226337e+02    2.5599999995e+02    1.4549725292e-23    2.4615774207e+02    2.5600000039e+02   -8.1266557190e-24
 230.0000000    2.6584179322e+02    2.5600000013e+02    1.4549725292e-23    2.4615820103e+02    2.5599999969e+02   -8.1266557190e-24
 232.0000000    2.6584133513e+02    2.5599999996e+02    1.4549725292e-23    2.4615866120e+02    2.5599999987e+02   -8.1266557190e-24
 234.0000000    2.6584088536e+02    2.5599999986e+02    1.4549725292e-23    2.4615912041e+02    2.5600000033e+02   -8.1266557190e-24
 236.0000000    2.6584043141e+02    2.5600000000e+02    1.4549725292e-23    2.4615956830e+02    2.5599999997e+02   -8.1266557190e-24
 238.0000000    2.6583998418e+02    2.5599999999e+02    1.4549725292e-23    2.4616001206e+02    2.5599999977e+02   -8.1266557190e-24
 240.0000000    2.6583954771e+02    2.5599999991e+02    1.4549725292e-23    2.4616045469e+02    2.5600000007e+02   -8.1266557190e-24
 242.0000000    2.6583911035e+02    2.5599999998e+02    1.4549725292e-23    2.4616089056e+02    2.5600000005e+02   -8.1266557190e-24
 244.0000000    2.6583867589e+02    2.5600000003e+02    1.4549725292e-23    2.4616132170e+02    2.5599999984e+02   -8.1266557190e-24
 246.0000000    2.6583825061e+02    2.5600000000e+02    1.4549725292e-23    2.4616174964e+02    2.5599999992e+02   -8.1266557190e-24
 248.0000000    2.6583782852e+02    2.5600000000e+02    1.4549725292e-23    2.4616217210e+02    2.5600000010e+02   -8.1266557190e-24
 250.0000000    2.6583740875e+02    2.5599999995e+02    1.4549725292e-23    2.4616259028e+02    2.5600000002e+02   -8.1266557190e-24
 252.0000000    2.6583699497e+02    2.5599999995e+02    1.4549725292e-23    2.4616300496e+02    2.5599999989e+02   -8.1266557190e-24
 254.0000000    2.6583658511e+02    2.5600000011e+02    1.4549725292e-23    2.4616341519e+02    2.5600000000e+02   -8.1266557190e-24
 256.0000000    2.6583617786e+02    2.5600000004e+02    1.4549725292e-23    2.4616382162e+02    2.5600000008e+02   -8.1266557190e-24
 258.0000000    2.6583577431e+02    2.5599999982e+02    1.4549725292e-23    2.4616422518e+02    2.5599999995e+02   -8.1266557190e-24
 260.0000000    2.6583537427e+02    2.5599999995e+02    1.4549725292e-23    2.4616462540e+02    2.5599999995e+02   -8.1266557190e-24
 262.0000000    2.6583497774e+02    2.5600000013e+02    1.4549725292e-23    2.4616502188e+02    2.5600000000e+02   -8.1266557190e-24
 264.0000000    2.6583458625e+02    2.5599999996e+02    1.4549725292e-23    2.4616541353e+02    2.5599999997e+02   -8.1266557190e-24
 266.0000000    2.6583420018e+02    2.5599999991e+02    1.4549725292e-23    2.4616579963e+02    2.5600000004e+02   -8.1266557190e-24
 268.0000000    2.6583381899e+02    2.5600000005e+02    1.4549725292e-23    2.4616618070e+02    2.5600000002e+02   -8.1266557190e-24
 270.0000000    2.6583344180e+02    2.5599999997e+02    1.4549725292e-23    2.4616655788e+02    2.5599999985e+02   -8.1266557190e-24
 272.0000000    2.6583306723e+02    2.5599999981e+02    1.4549725292e-23    2.4616693244e+02    2.5599999996e+02   -8.1266557190e-24
 274.0000000    2.6583269401e+02    2.5599999990e+02    1.4549725292e-23    2.4616730558e+02    2.5600000016e+02   -8.1266557190e-24
 276.0000000    2.6583232183e+02    2.5600000007e+02    1.4549725292e-23    2.4616767757e+02    2.5599999998e+02   -8.1266557190e-24
 278.0000000    2.6583195121e+02    2.5600000008e+02    1.4549725292e-23    2.4616804835e+02    2.5599999979e+02   -8.1266557190e-24
 280.0000000    2.6583158443e+02    2.5599999999e+02    1.4549725292e-23    2.4616841604e+02    2.5599999994e+02   -8.1266557190e-24
 282.0000000    2.6583122370e+02    2.5599999992e+02    1.4549725292e-23    2.4616877698e+02    2.5600000004e+02   -8.1266557190e-24
 284.0000000    2.6583086805e+02    2.5599999991e+02    1.4549725292e-23    2.4616913118e+02    2.5599999995e+02   -8.1266557190e-24
 286.0000000    2.6583051643e+02    2.5599999999e+02    1.4549725292e-23    2.4616948174e+02    2.5599999996e+02   -8.1266557190e-24
 288.0000000    2.6583016932e+02    2.5600000003e+02    1.4549725292e-23    2.4616982944e+02    2.5600000010e+02   -8.1266557190e-24
 290.0000000    2.6582982573e+02    2.5599999991e+02    1.4549725292e-23    2.4617017392e+02    2.5600000005e+02   -8.1266557190e-24
 292.0000000    2.6582948329e+02    2.5599999982e+02    1.4549725292e-23    2.4617051698e+02    2.5599999982e+02   -8.1266557190e-24
 294.0000000    2.6582914094e+02    2.5599999995e+02    1.4549725292e-23    2.4617086002e+02    2.5599999976e+02   -8.1266557190e-24
 296.0000000    2.6582879931e+02    2.5600000014e+02    1.4549725292e-23    2.4617120156e+02    2.5599999999e+02   -8.1266557190e-24
 298.0000000    2.6582845972e+02    2.5600000018e+02    1.4549725292e-23    2.4617153970e+02    2.5600000010e+02   -8.1266557190e-24
 300.0000000    2.6582812365e+02    2.5600000011e+02    1.4549725292e-23    2.4617187417e+02    2.5600000002e+02   -8.1266557190e-24
 302.0000000    2.6582779262e+02    2.5599999996e+02    1.4549725292e-23    2.4617220492e+02    2.5600000010e+02   -8.1266557190e-24
 304.0000000    2.6582746743e+02    2.5599999978e+02    1.4549725292e-23    2.4617253121e+02    2.5600000021e+02   -8.1266557190e-24
 306.0000000    2.6582714662e+02    2.5599999964e+02    1.4549725292e-23    2.4617285350e+02    2.5600000001e+02   -8.1266557190e-24
 308.0000000    2.6582682803e+02    2.5599999962e+02    1.4549725292e-23    2.4617317320e+02    2.5599999979e+02   -8.1266557190e-24
 310.0000000    2.6582651070e+02    2.5599999980e+02    1.4549725292e-23    2.4617349093e+02    2.5599999973e+02   -8.1266557190e-24
 312.0000000    2.6582619386e+02    2.5600000011e+02    1.4549725292e-23    2.4617380711e+02    2.5599999964e+02   -8.1266557190e-24
 314.0000000    2.6582587701e+02    2.5600000028e+02    1.4549725292e-23    2.4617412248e+02    2.5599999975e+02   -8.1266557190e-24
 316.0000000    2.6582556201e+02    2.5600000016e+02    1.4549725292e-23    2.4617443633e+02    2.5600000011e+02   -8.1266557190e-24
 318.0000000    2.6582525181e+02    2.5600000001e+02    1.4549725292e-23    2.4617474600e+02    2.5600000024e+02   -8.1266557190e-24
 320.0000000    2.6582494696e+02    2.5600000002e+02    1.4549725292e-23    2.4617505044e+02    2.5600000012e+02   -8.1266557190e-24
 322.0000000    2.6582464557e+02    2.5600000002e+02    1.4549725292e-23    2.4617535219e+02    2.5600000010e+02   -8.1266557190e-24
 324.0000000    2.6582434591e+02    2.5599999988e+02    1.4549725292e-23    2.4617565388e+02    2.5600000007e+02   -8.1266557190e-24
 326.0000000    2.6582404723e+02    2.5599999980e+02    1.4549725292e-23    2.4617595512e+02    2.5599999983e+02   -8.1266557190e-24
 328.0000000    2.6582374886e+02    2.5599999980e+02    1.4549725292e-23    2.4617625445e+02    2.5599999969e+02   -8.1266557190e-24
 330.0000000    2.6582345070e+02    2.5599999966e+02    1.4549725292e-23    2.4617655075e+02    2.5599999996e+02   -8.1266557190e-24
 332.0000000    2.6582315497e+02    2.5599999964e+02    1.4549725292e-23    2.4617684227e+02    2.5600000027e+02   -8.1266557190e-24
 334.0000000    2.6582286492e+02    2.5600000015e+02    1.4549725292e-23    2.4617712879e+02    2.5600000017e+02   -8.1266557190e-24
 336.0000000    2.6582258082e+02    2.5600000059e+02    1.4549725292e-23    2.4617741399e+02    2.5599999973e+02   -8.1266557190e-24
 338.0000000    2.6582229945e+02    2.5600000023e+02    1.4549725292e-23    2.4617770100e+02    2.5599999942e+02   -8.1266557190e-24
 340.0000000    2.6582201753e+02    2.5599999959e+02    1.4549725292e-23    2.4617798802e+02    2.5599999955e+02   -8.1266557190e-24
 342.0000000    2.6582173318e+02    2.5599999942e+02    1.4549725292e-23    2.4617827216e+02    2.5600000002e+02   -8.1266557190e-24
 344.0000000    2.6582144712e+02    2.5599999968e+02    1.4549725292e-23    2.4617855292e+02    2.5600000046e+02   -8.1266557190e-24
 346.0000000    2.6582116421e+02    2.5600000014e+02    1.4550533086e-23    2.4617883001e+02    2.5600000058e+02   -8.1282713061e-24
 348.0000000    2.6582088947e+02    2.5600000055e+02    1.4548109705e-23    2.4617910354e+02    2.5600000021e+02   -8.1197894737e-24
 350.0000000    2.6582062238e+02    2.5600000042e+02    1.4550936983e-23    2.4617937516e+02    2.5599999952e+02   -8.1169621962e-24
 352.0000000    2.6582035876e+02    2.5599999979e+02    1.4554572054e-23    2.4617964456e+02    2.5599999922e+02   -8.1161544026e-24
 354.0000000    2.6582009551e+02    2.5599999932e+02    1.4556187641e-23    2.4617990945e+02    2.5599999972e+02   -8.1189816801e-24
 356.0000000    2.6581983108e+02    2.5599999941e+02    1.4555783744e-23    2.4618017064e+02    2.5600000041e+02   -8.1153466090e-24
 358.0000000    2.6581956599e+02    2.5599999986e+02    1.4560630506e-23    2.4618043136e+02    2.5600000051e+02   -8.1165582994e-24
 360.0000000    2.6581930294e+02    2.5600000023e+02    1.4558207125e-23    2.4618069261e+02    2.5600000005e+02   -8.1181738865e-24
 362.0000000    2.6581904334e+02    2.5600000021e+02    1.4559014918e-23    2.4618095350e+02    2.5599999961e+02   -8.1149427122e-24
 364.0000000    2.6581878539e+02    2.5599999993e+02    1.4556995434e-23    2.4618121377e+02    2.5599999955e+02   -8.1121154348e-24
 366.0000000    2.6581852755e+02    2.5599999981e+02    1.4559418815e-23    2.4618147319e+02    2.5599999979e+02   -8.1141349187e-24
 368.0000000    2.6581826980e+02    2.5599999990e+02    1.4553764260e-23    2.4618173149e+02    2.5600000003e+02   -8.1121154348e-24
 370.0000000    2.6581801180e+02    2.5599999996e+02    1.4554168157e-23    2.4618198913e+02    2.5600000007e+02   -8.1133271251e-24
 372.0000000    2.6581775370e+02    2.5599999993e+02    1.4554975951e-23    2.4618224603e+02    2.5599999999e+02   -8.1165582994e-24
 374.0000000    2.6581749732e+02    2.5599999986e+02    1.4552552570e-23    2.4618250071e+02    2.5599999995e+02   -8.1153466090e-24
 376.0000000    2.6581724413e+02    2.5599999980e+02    1.4552956467e-23    2.4618275272e+02    2.5599999994e+02   -8.1137310219e-24
 378.0000000    2.6581699383e+02    2.5599999987e+02    1.4558207125e-23    2.4618300368e+02    2.5599999992e+02   -8.1133271251e-24
 380.0000000    2.6581674536e+02    2.5600000000e+02    1.4560024660e-23    2.4618325462e+02    2.5599999993e+02   -8.1137310219e-24
 382.0000000    2.6581649766e+02    2.5600000003e+02    1.4562649989e-23    2.4618350431e+02    2.5599999995e+02   -8.1131251767e-24
 384.0000000    2.6581625036e+02    2.5600000002e+02    1.4564467525e-23    2.4618375087e+02    2.5599999997e+02   -8.1159524542e-24
 386.0000000    2.6581600453e+02    2.5600000002e+02    1.4562448041e-23    2.4618399381e+02    2.5600000002e+02   -8.1218089576e-24
 388.0000000    2.6581576180e+02    2.5599999997e+02    1.4562044144e-23    2.4618423439e+02    2.5600000000e+02   -8.1240303899e-24
 390.0000000    2.6581552257e+02    2.5599999977e+02    1.4575170790e-23    2.4618447442e+02    2.5599999984e+02   -8.1276654609e-24
 392.0000000    2.6581528595e+02    2.5599999958e+02    1.4580421448e-23    2.4618471404e+02    2.5599999977e+02   -8.1197894737e-24
 394.0000000    2.6581505105e+02    2.5599999956e+02    1.4577089299e-23    2.4618495116e+02    2.5599999990e+02   -8.1152456348e-24
 396.0000000    2.6581481790e+02    2.5599999975e+02    1.4582844829e-23    2.4618518378e+02    2.5600000002e+02   -8.1134280993e-24
 398.0000000    2.6581458783e+02    2.5599999997e+02    1.4585066261e-23    2.4618541159e+02    2.5599999992e+02   -8.1211021382e-24
 400.0000000    2.6581436216e+02    2.5600000008e+02    1.4592639326e-23    2.4618563559e+02    2.5599999968e+02   -8.1228186995e-24
 402.0000000    2.6581413990e+02    2.5600000002e+02    1.4585167235e-23    2.4618585784e+02    2.5599999958e+02   -8.1233235705e-24
 404.0000000    2.6581391869e+02    2.5599999988e+02    1.4587287693e-23    2.4618608002e+02    2.5599999978e+02   -8.1279683835e-24
 406.0000000    2.6581369774e+02    2.5599999985e+02    1.4588953767e-23    2.4618630179e+02    2.5600000010e+02   -8.1316034546e-24
 408.0000000    2.6581347733e+02    2.5599999998e+02    1.4594153939e-23    2.4618652227e+02    2.5600000030e+02   -8.1324617352e-24
 410.0000000    2.6581325706e+02    2.5600000010e+02    1.4590670329e-23    2.4618674203e+02    2.5600000027e+02   -8.1300888416e-24
 412.0000000    2.6581303654e+02    2.5600000004e+02    1.4588878037e-23    2.4618696202e+02    2.5600000005e+02   -8.1243837996e-24
 414.0000000    2.6581281627e+02    2.5599999984e+02    1.4584889556e-23    2.4618718218e+02    2.5599999981e+02   -8.1131756638e-24
 416.0000000    2.6581259663e+02    2.5599999967e+02    1.4579790359e-23    2.4618740195e+02    2.5599999973e+02   -8.1132640162e-24
 418.0000000    2.6581237750e+02    2.5599999965e+02    1.4577215813e-23    2.4618762119e+02    2.5599999980e+02   -8.1096380171e-24
 420.0000000    2.6581215914e+02    2.5599999974e+02    1.4576811916e-23    2.4618783973e+02    2.5599999988e+02   -8.1097326804e-24
 422.0000000    2.6581194234e+02    2.5599999985e+02    1.4584738391e-23    2.4618805685e+02    2.5599999987e+02   -8.1051131109e-24
 424.0000000    2.6581172734e+02    2.5599999993e+02    1.4581936357e-23    2.4618827203e+02    2.5599999981e+02   -8.0930466945e-24
 426.0000000    2.6581151377e+02    2.5599999998e+02    1.4584258763e-23    2.4618848555e+02    2.5599999978e+02   -8.0894621106e-24
 428.0000000    2.6581130166e+02    2.5600000000e+02    1.4575978879e-23    2.4618869768e+02    2.5599999985e+02   -8.0952176397e-24
 430.0000000    2.6581109141e+02    2.5599999997e+02    1.4578250799e-23    2.4618890819e+02    2.5599999997e+02   -8.1062743142e-24
 432.0000000    2.6581088295e+02    2.5599999993e+02    1.4572444782e-23    2.4618911684e+02    2.5600000006e+02   -8.1060723658e-24
 434.0000000    2.6581067589e+02    2.5599999989e+02    1.4580320770e-23    2.4618932374e+02    2.5600000006e+02   -8.1203097274e-24
 436.0000000    2.6581047008e+02    2.5599999983e+02    1.4575978879e-23    2.4618952923e+02    2.5600000001e+02   -8.1259642824e-24
 438.0000000    2.6581026553e+02    2.5599999974e+02    1.4582744150e-23    2.4618973362e+02    2.5599999994e+02   -8.1348500116e-24
 440.0000000    2.6581006205e+02    2.5599999966e+02    1.4579613950e-23    2.4618993710e+02    2.5599999986e+02   -8.1421201537e-24
 442.0000000    2.6580985935e+02    2.5599999964e+02    1.4578705182e-23    2.4619013975e+02    2.5599999982e+02   -8.1456542506e-24
 444.0000000    2.6580965736e+02    2.5599999972e+02    1.4573252576e-23    2.4619034156e+02    2.5599999980e+02   -8.1462600958e-24
 446.0000000    2.6580945641e+02    2.5599999982e+02    1.4573252576e-23    2.4619054228e+02    2.5599999978e+02   -8.1534292637e-24
 448.0000000    2.6580925696e+02    2.5599999986e+02    1.4573151602e-23    2.4619074159e+02    2.5599999976e+02   -8.1533282895e-24
 450.0000000    2.6580905908e+02    2.5599999987e+02    1.4569516531e-23    2.4619093953e+02    2.5599999977e+02   -8.1502990636e-24
 452.0000000    2.6580886250e+02    2.5599999989e+02    1.4567093150e-23    2.4619113634e+02    2.5599999981e+02   -8.1482795797e-24
 454.0000000    2.6580866699e+02    2.5599999991e+02    1.4568506789e-23    2.4619133199e+02    2.5599999986e+02   -8.1416152827e-24
 456.0000000    2.6580847258e+02    2.5599999992e+02    1.4563458079e-23    2.4619152629e+02    2.5599999990e+02   -8.1460581474e-24
 458.0000000    2.6580827946e+02    2.5599999991e+02    1.4568708737e-23    2.4619171925e+02    2.5599999992e+02   -8.1454523022e-24
 460.0000000    2.6580808773e+02    2.5599999989e+02    1.4567698995e-23    2.4619191106e+02    2.5599999992e+02   -8.1399996956e-24
 462.0000000    2.6580789717e+02    2.5599999987e+02    1.4565881460e-23    2.4619210187e+02    2.5599999993e+02   -8.1412113860e-24
 464.0000000    2.6580770744e+02    2.5599999984e+02    1.4565275614e-23    2.4619229176e+02    2.5599999996e+02   -8.1373743665e-24
 466.0000000    2.6580751843e+02    2.5599999981e+02    1.4563458079e-23    2.4619248074e+02    2.5599999994e+02   -8.1357587794e-24
 468.0000000    2.6580733033e+02    2.5599999980e+02    1.4562044440e-23    2.4619266876e+02    2.5599999990e+02   -8.1381821601e-24
 470.0000000    2.6580714325e+02    2.5599999981e+02    1.4557601575e-23    2.4619285578e+02    2.5599999987e+02   -8.1414133344e-24
 472.0000000    2.6580695712e+02    2.5599999979e+02    1.4559419111e-23    2.4619304186e+02    2.5599999989e+02   -8.1387880053e-24
 474.0000000    2.6580677187e+02    2.5599999978e+02    1.4560832750e-23    2.4619322705e+02    2.5599999990e+02   -8.1379802117e-24
 476.0000000    2.6580658752e+02    2.5599999978e+02    1.4561842492e-23    2.4619341131e+02    2.5599999988e+02   -8.1375763149e-24
 478.0000000    2.6580640420e+02    2.5599999979e+02    1.4561842492e-23    2.4619359455e+02    2.5599999986e+02   -8.1369704697e-24
 480.0000000    2.6580622199e+02    2.5599999980e+02    1.4563256130e-23    2.4619377672e+02    2.5599999984e+02   -8.1343451406e-24
 482.0000000    2.6580604087e+02    2.5599999980e+02    1.4562650285e-23    2.4619395789e+02    2.5599999982e+02   -8.1343451406e-24
 484.0000000    2.6580586074e+02    2.5599999981e+02    1.4564467821e-23    2.4619413811e+02    2.5599999980e+02   -8.1343451406e-24
 486.0000000    2.6580568153e+02    2.5599999981e+02    1.4564669769e-23    2.4619431742e+02    2.5599999981e+02   -8.1339412439e-24
 488.0000000    2.6580550320e+02    2.5599999982e+02    1.4564467821e-23    2.4619449583e+02    2.5599999981e+02   -8.1357587794e-24
 490.0000000    2.6580532584e+02    2.5599999982e+02    1.4564467821e-23    2.4619467322e+02    2.5599999982e+02   -8.1357587794e-24
 492.0000000    2.6580514963e+02    2.5599999982e+02    1.4564467821e-23    2.4619484942e+02    2.5599999984e+02   -8.1357587794e-24
 494.0000000    2.6580497472e+02    2.5599999981e+02    1.4564467821e-23    2.4619502433e+02    2.5599999986e+02   -8.1357587794e-24
 496.0000000    2.6580480109e+02    2.5599999978e+02    1.4564467821e-23    2.4619519797e+02    2.5599999986e+02   -8.1357587794e-24
 498.0000000    2.6580462864e+02    2.5599999976e+02    1.4564467821e-23    2.4619537038e+02    2.5599999987e+02   -8.1357587794e-24
 500.0000000    2.6580445721e+02    2.5599999975e+02    1.4564467821e-23    2.4619554175e+02    2.5599999987e+02   -8.1357587794e-24
 502.0000000    2.6580428636e+02    2.5599999976e+02    1.4564467821e-23    2.4619571261e+02    2.5599999986e+02   -8.1357587794e-24
 504.0000000    2.6580411536e+02    2.5599999977e+02    1.4564467821e-23    2.4619588362e+02    2.5599999986e+02   -8.1357587794e-24
 506.0000000    2.6580394362e+02    2.5599999979e+02    1.4564467821e-23    2.4619605532e+02    2.5599999986e+02   -8.1357587794e-24
 508.0000000    2.6580377084e+02    2.5599999980e+02    1.4564467821e-23    2.4619622812e+02    2.5599999985e+02   -8.1357587794e-24
 510.0000000    2.6580359677e+02    2.5599999980e+02    1.4564467821e-23    2.4619640224e+02    2.5599999982e+02   -8.1357587794e-24
 512.0000000    2.6580342157e+02    2.5599999978e+02    1.4564467821e-23    2.4619657747e+02    2.5599999981e+02   -8.1357587794e-24
 514.0000000    2.6580324597e+02    2.5599999976e+02    1.4564467821e-23    2.4619675310e+02    2.5599999981e+02   -8.1357587794e-24
 516.0000000    2.6580307102e+02    2.5599999974e+02    1.4564467821e-23    2.4619692805e+02    2.5599999982e+02   -8.1357587794e-24
 518.0000000    2.6580289788e+02    2.5599999972e+02    1.4564467821e-23    2.4619710109e+02    2.5599999983e+02   -8.1357587794e-24
 520.0000000    2.6580272791e+02    2.5599999973e+02    1.4564467821e-23    2.4619727086e+02    2.5599999983e+02   -8.1357587794e-24
 522.0000000    2.6580256242e+02    2.5599999975e+02    1.4564467821e-23    2.4619743612e+02    2.5599999982e+02   -8.1357587794e-24
 524.0000000    2.6580240223e+02    2.5599999978e+02    1.4564467821e-23    2.4619759604e+02    2.5599999981e+02   -8.1357587794e-24
 526.0000000    2.6580224760e+02    2.5599999981e+02    1.4564467821e-23    2.4619775040e+02    2.5599999980e+02   -8.1357587794e-24
 528.0000000    2.6580209833e+02    2.5599999983e+02    1.4564467821e-23    2.4619789952e+02    2.5599999980e+02   -8.1357587794e-24
 530.0000000    2.6580195357e+02    2.5599999983e+02    1.4564467821e-23    2.4619804430e+02    2.5599999981e+02   -8.1357587794e-24
 532.0000000    2.6580181196e+02    2.5599999982e+02    1.4564467821e-23    2.4619818613e+02    2.5599999982e+02   -8.1357587794e-24
 534.0000000    2.6580167177e+02    2.5599999979e+02    1.4564467821e-23    2.4619832671e+02    2.5599999985e+02   -8.1357587794e-24
 536.0000000    2.6580153116e+02    2.5599999975e+02    1.4564467821e-23    2.4619846782e+02    2.5599999986e+02   -8.1357587794e-24
 538.0000000    2.6580138828e+02    2.5599999970e+02    1.4564467821e-23    2.4619861122e+02    2.5599999987e+02   -8.1357587794e-24
 540.0000000    2.6580124153e+02    2.5599999966e+02    1.4564467821e-23    2.4619875839e+02    2.5599999987e+02   -8.1357587794e-24
 542.0000000    2.6580108982e+02    2.5599999965e+02    1.4564467821e-23    2.4619891034e+02    2.5599999984e+02   -8.1357587794e-24
 544.0000000    2.6580093280e+02    2.5599999966e+02    1.4564467821e-23    2.4619906739e+02    2.5599999980e+02   -8.1357587794e-24
 546.0000000    2.6580077096e+02    2.5599999968e+02    1.4564467821e-23    2.4619922902e+02    2.5599999977e+02   -8.1357587794e-24
 548.0000000    2.6580060560e+02    2.5599999969e+02    1.4564467821e-23    2.4619939400e+02    2.5599999976e+02   -8.1357587794e-24
 550.0000000    2.6580043856e+02    2.5599999970e+02    1.4564467821e-23    2.4619956061e+02    2.5599999974e+02   -8.1357587794e-24
 552.0000000    2.6580027176e+02    2.5599999971e+02    1.4564467821e-23    2.4619972696e+02    2.5599999974e+02   -8.1357587794e-24
 554.0000000    2.6580010692e+02    2.5599999972e+02    1.4564467821e-23    2.4619989139e+02    2.5599999975e+02   -8.1357587794e-24
 556.0000000    2.6579994526e+02    2.5599999973e+02    1.4564467821e-23    2.4620005273e+02    2.5599999976e+02   -8.1357587794e-24
 558.0000000    2.6579978744e+02    2.5599999974e+02    1.4564467821e-23    2.4620021032e+02    2.5599999978e+02   -8.1357587794e-24
 560.0000000    2.6579963361e+02    2.5599999976e+02    1.4564467821e-23    2.4620036403e+02    2.5599999980e+02   -8.1357587794e-24
 562.0000000    2.6579948355e+02    2.5599999977e+02    1.4564467821e-23    2.4620051411e+02    2.5599999981e+02   -8.1357587794e-24
 564.0000000    2.6579933664e+02    2.5599999979e+02    1.4564467821e-23    2.4620066115e+02    2.5599999981e+02   -8.1357587794e-24
 566.0000000    2.6579919209e+02    2.5599999980e+02    1.4564467821e-23    2.4620080595e+02    2.5599999980e+02   -8.1357587794e-24
 568.0000000    2.6579904902e+02    2.5599999980e+02    1.4564467821e-23    2.4620094936e+02    2.5599999979e+02   -8.1357587794e-24
 570.0000000    2.6579890668e+02    2.5599999978e+02    1.4564467821e-23    2.4620109211e+02    2.5599999980e+02   -8.1357587794e-24
 572.0000000    2.6579876450e+02    2.5599999976e+02    1.4564467821e-23    2.4620123469e+02    2.5599999981e+02   -8.1357587794e-24
 574.0000000    2.6579862221e+02    2.5599999972e+02    1.4564467821e-23    2.4620137732e+02    2.5599999982e+02   -8.1357587794e-24
 576.0000000    2.6579847977e+02    2.5599999967e+02    1.4564467821e-23    2.4620151996e+02    2.5599999983e+02   -8.1357587794e-24
 578.0000000    2.6579833737e+02    2.5599999963e+02    1.4564467821e-23    2.4620166238e+02    2.5599999984e+02   -8.1357587794e-24
 580.0000000    2.6579819531e+02    2.5599999960e+02    1.4564467821e-23    2.4620180430e+02    2.5599999984e+02   -8.1357587794e-24
 582.0000000    2.6579805385e+02    2.5599999958e+02    1.4564467821e-23    2.4620194553e+02    2.5599999983e+02   -8.1357587794e-24
 584.0000000    2.6579791312e+02    2.5599999957e+02    1.4564467821e-23    2.4620208597e+02    2.5599999980e+02   -8.1357587794e-24
 586.0000000    2.6579777317e+02    2.5599999958e+02    1.4564467821e-23    2.4620222563e+02    2.5599999975e+02   -8.1357587794e-24
 588.0000000    2.6579763397e+02    2.5599999961e+02    1.4564467821e-23    2.4620236457e+02    2.5599999971e+02   -8.1357587794e-24
 590.0000000    2.6579749536e+02    2.5599999966e+02    1.4564467821e-23    2.4620250297e+02    2.5599999968e+02   -8.1357587794e-24
 592.0000000    2.6579735718e+02    2.5599999970e+02    1.4564467821e-23    2.4620264102e+02    2.5599999968e+02   -8.1357587794e-24
 594.0000000    2.6579721938e+02    2.5599999972e+02    1.4564467821e-23    2.4620277884e+02    2.5599999970e+02   -8.1357587794e-24
 596.0000000    2.6579708197e+02    2.5599999973e+02    1.4564467821e-23    2.4620291639e+02    2.5599999972e+02   -8.1357587794e-24
 598.0000000    2.6579694502e+02    2.5599999972e+02    1.4564467821e-23    2.4620305357e+02    2.5599999972e+02   -8.1357587794e-24
 600.0000000    2.6579680859e+02    2.5599999972e+02    1.4564467821e-23    2.4620319028e+02    2.5599999971e+02   -8.1357587794e-24
 602.0000000    2.6579667272e+02    2.5599999972e+02    1.4564467821e-23    2.4620332636e+02    2.5599999970e+02   -8.1357587794e-24
 604.0000000    2.6579653744e+02    2.5599999972e+02    1.4564467821e-23    2.4620346175e+02    2.5599999971e+02   -8.1357587794e-24
 606.0000000    2.6579640272e+02    2.5599999970e+02    1.4564467821e-23    2.4620359644e+02    2.5599999976e+02   -8.1357587794e-24
 608.0000000    2.6579626851e+02    2.5599999967e+02    1.4564467821e-23    2.4620373053e+02    2.5599999981e+02   -8.1357587794e-24
 610.0000000    2.6579613475e+02    2.5599999965e+02    1.4564467821e-23    2.4620386411e+02    2.5599999984e+02   -8.1357587794e-24
 612.0000000    2.6579600144e+02    2.5599999964e+02    1.4564467821e-23    2.4620399722e+02    2.5599999985e+02   -8.1357587794e-24
 614.0000000    2.6579586855e+02    2.5599999966e+02    1.4564467821e-23    2.4620412990e+02    2.5599999984e+02   -8.1357587794e-24
 616.0000000    2.6579573606e+02    2.5599999967e+02    1.4564467821e-23    2.4620426218e+02    2.5599999981e+02   -8.1357587794e-24
 618.0000000    2.6579560402e+02    2.5599999968e+02    1.4564467821e-23    2.4620439404e+02    2.5599999979e+02   -8.1357587794e-24
 620.0000000    2.6579547261e+02    2.5599999967e+02    1.4564467821e-23    2.4620452537e+02    2.5599999977e+02   -8.1357587794e-24
 622.0000000    2.6579534215e+02    2.5599999964e+02    1.4564467821e-23    2.4620465590e+02    2.5599999975e+02   -8.1357587794e-24
 624.0000000    2.6579521303e+02    2.5599999963e+02    1.4564467821e-23    2.4620478525e+02    2.5599999974e+02   -8.1357587794e-24
 626.0000000    2.6579508566e+02    2.5599999963e+02    1.4564467821e-23    2.4620491299e+02    2.5599999973e+02   -8.1357587794e-24
 628.0000000    2.6579496033e+02    2.5599999963e+02    1.4564467821e-23    2.4620503875e+02    2.5599999971e+02   -8.1357587794e-24
 630.0000000    2.6579483708e+02    2.5599999963e+02    1.4564467821e-23    2.4620516240e+02    2.5599999968e+02   -8.1357587794e-24
 632.0000000    2.6579471558e+02    2.5599999962e+02    1.4564467821e-23    2.4620528419e+02    2.5599999965e+02   -8.1357587794e-24
 634.0000000    2.6579459514e+02    2.5599999961e+02    1.4564467821e-23    2.4620540475e+02    2.5599999963e+02   -8.1357587794e-24
 636.0000000    2.6579447477e+02    2.5599999960e+02    1.4564467821e-23    2.4620552504e+02    2.5599999964e+02   -8.1357587794e-24
 638.0000000    2.6579435332e+02    2.5599999959e+02    1.4564467821e-23    2.4620564622e+02    2.5599999967e+02   -8.1357587794e-24
 640.0000000    2.6579422967e+02    2.5599999959e+02    1.4564467821e-23    2.4620576944e+02    2.5599999970e+02   -8.1357587794e-24
 642.0000000    2.6579410294e+02    2.5599999960e+02    1.4564467821e-23    2.4620589565e+02    2.5599999973e+02   -8.1357587794e-24
 644.0000000    2.6579397271e+02    2.5599999960e+02    1.4564467821e-23    2.4620602536e+02    2.5599999975e+02   -8.1357587794e-24
 646.0000000    2.6579383914e+02    2.5599999960e+02    1.4564467821e-23    2.4620615853e+02    2.5599999976e+02   -8.1357587794e-24
 648.0000000    2.6579370306e+02    2.5599999960e+02    1.4564467821e-23    2.4620629443e+02    2.5599999978e+02   -8.1357587794e-24
 650.0000000    2.6579356584e+02    2.5599999959e+02    1.4564467821e-23    2.4620643173e+02    2.5599999979e+02   -8.1357587794e-24
 652.0000000    2.6579342924e+02    2.5599999959e+02    1.4564467821e-23    2.4620656866e+02    2.5599999977e+02   -8.1357587794e-24
 654.0000000    2.6579329507e+02    2.5599999961e+02    1.4564467821e-23    2.4620670334e+02    2.5599999972e+02   -8.1357587794e-24
 656.0000000    2.6579316486e+02    2.5599999962e+02    1.4564467821e-23    2.4620683410e+02    2.5599999967e+02   -8.1357587794e-24
 658.0000000    2.6579303955e+02    2.5599999964e+02    1.4564467821e-23    2.4620695988e+02    2.5599999964e+02   -8.1357587794e-24
 660.0000000    2.6579291940e+02    2.5599999964e+02    1.4564467821e-23    2.4620708034e+02    2.5599999965e+02   -8.1357587794e-24
 662.0000000    2.6579280397e+02    2.5599999963e+02    1.4564467821e-23    2.4620719587e+02    2.5599999967e+02   -8.1357587794e-24
 664.0000000    2.6579269229e+02    2.5599999962e+02    1.4564467821e-23    2.4620730742e+02    2.5599999968e+02   -8.1357587794e-24
 666.0000000    2.6579258307e+02    2.5599999961e+02    1.4564467821e-23    2.4620741634e+02    2.5599999966e+02   -8.1357587794e-24
 668.0000000    2.6579247487e+02    2.5599999959e+02    1.4564467821e-23    2.4620752413e+02    2.5599999965e+02   -8.1357587794e-24
 670.0000000    2.6579236634e+02    2.5599999957e+02    1.4564467821e-23    2.4620763224e+02    2.5599999967e+02   -8.1357587794e-24
 672.0000000    2.6579225641e+02    2.5599999953e+02    1.4564467821e-23    2.4620774181e+02    2.5599999970e+02   -8.1357587794e-24
 674.0000000    2.6579214447e+02    2.5599999951e+02    1.4564467821e-23    2.4620785350e+02    2.5599999972e+02   -8.1357587794e-24
 676.0000000    2.6579203046e+02    2.5599999951e+02    1.4564467821e-23    2.4620796741e+02    2.5599999972e+02   -8.1357587794e-24
 678.0000000    2.6579191481e+02    2.5599999952e+02    1.4564467821e-23    2.4620808313e+02    2.5599999969e+02   -8.1357587794e-24
 680.0000000    2.6579179818e+02    2.5599999955e+02    1.4564467821e-23    2.4620819995e+02    2.5599999966e+02   -8.1357587794e-24
 682.0000000    2.6579168126e+02    2.5599999957e+02    1.4564467821e-23    2.4620831715e+02    2.5599999966e+02   -8.1357587794e-24
 684.0000000    2.6579156454e+02    2.5599999957e+02    1.4564467821e-23    2.4620843419e+02    2.5599999968e+02   -8.1357587794e-24
 686.0000000    2.6579144828e+02    2.5599999958e+02    1.4564467821e-23    2.4620855071e+02    2.5599999971e+02   -8.1357587794e-24
 688.0000000    2.6579133262e+02    2.5599999960e+02    1.4564467821e-23    2.4620866654e+02    2.5599999971e+02   -8.1357587794e-24
 690.0000000    2.6579121759e+02    2.5599999963e+02    1.4564467821e-23    2.4620878162e+02    2.5599999969e+02   -8.1357587794e-24
 692.0000000    2.6579110322e+02    2.5599999965e+02    1.4564467821e-23    2.4620889593e+02    2.5599999967e+02   -8.1357587794e-24
 694.0000000    2.6579098948e+02    2.5599999964e+02    1.4564467821e-23    2.4620900955e+02    2.5599999967e+02   -8.1357587794e-24
 696.0000000    2.6579087633e+02    2.5599999960e+02    1.4564467821e-23    2.4620912257e+02    2.5599999969e+02   -8.1357587794e-24
 698.0000000    2.6579076369e+02    2.5599999954e+02    1.4564467821e-23    2.4620923512e+02    2.5599999971e+02   -8.1357587794e-24
 700.0000000    2.6579065147e+02    2.5599999949e+02    1.4564467821e-23    2.4620934730e+02    2.5599999971e+02   -8.1357587794e-24
 702.0000000    2.6579053963e+02    2.5599999946e+02    1.4564467821e-23    2.4620945914e+02    2.5599999968e+02   -8.1357587794e-24
 704.0000000    2.6579042818e+02    2.5599999946e+02    1.4564467821e-23    2.4620957061e+02    2.5599999963e+02   -8.1357587794e-24
 706.0000000    2.6579031715e+02    2.5599999947e+02    1.4564467821e-23    2.4620968165e+02    2.5599999959e+02   -8.1357587794e-24
 708.0000000    2.6579020660e+02    2.5599999949e+02    1.4564467821e-23    2.4620979220e+02    2.5599999957e+02   -8.1357587794e-24
 710.0000000    2.6579009653e+02    2.5599999950e+02    1.4564467821e-23    2.4620990227e+02    2.5599999958e+02   -8.1357587794e-24
 712.0000000    2.6578998689e+02    2.5599999952e+02    1.4564467821e-23    2.4621001189e+02    2.5599999959e+02   -8.1357587794e-24
 714.0000000    2.6578987761e+02    2.5599999954e+02    1.4564467821e-23    2.4621012112e+02    2.5599999961e+02   -8.1357587794e-24
 716.0000000    2.6578976862e+02    2.5599999956e+02    1.4564467821e-23    2.4621023005e+02    2.5599999961e+02   -8.1357587794e-24
 718.0000000    2.6578965989e+02    2.5599999958e+02    1.4564467821e-23    2.4621033871e+02    2.5599999962e+02   -8.1357587794e-24
 720.0000000    2.6578955146e+02    2.5599999958e+02    1.4564467821e-23    2.4621044708e+02    2.5599999964e+02   -8.1357587794e-24
 722.0000000    2.6578944338e+02    2.5599999957e+02    1.4564467821e-23    2.4621055513e+02    2.5599999968e+02   -8.1357587794e-24
 724.0000000    2.6578933572e+02    2.5599999954e+02    1.4564467821e-23    2.4621066282e+02    2.5599999971e+02   -8.1357587794e-24
 726.0000000    2.6578922849e+02    2.5599999950e+02    1.4564467821e-23    2.4621077012e+02    2.5599999972e+02   -8.1357587794e-24
 728.0000000    2.6578912172e+02    2.5599999947e+02    1.4564467821e-23    2.4621087701e+02    2.5599999971e+02   -8.1357587794e-24
 730.0000000    2.6578901543e+02    2.5599999945e+02    1.4564467821e-23    2.4621098343e+02    2.5599999969e+02   -8.1357587794e-24
 732.0000000    2.6578890964e+02    2.5599999944e+02    1.4564467821e-23    2.4621108933e+02    2.5599999965e+02   -8.1357587794e-24
 734.0000000    2.6578880439e+02    2.5599999943e+02    1.4564467821e-23    2.4621119464e+02    2.5599999962e+02   -8.1357587794e-24
 736.0000000    2.6578869970e+02    2.5599999943e+02    1.4564467821e-23    2.4621129934e+02    2.5599999960e+02   -8.1357587794e-24
 738.0000000    2.6578859556e+02    2.5599999943e+02    1.4564467821e-23    2.4621140344e+02    2.5599999957e+02   -8.1357587794e-24
 740.0000000    2.6578849195e+02    2.5599999946e+02    1.4564467821e-23    2.4621150697e+02    2.5599999954e+02   -8.1357587794e-24
 742.0000000    2.6578838883e+02    2.5599999949e+02    1.4564467821e-23    2.4621161002e+02    2.5599999952e+02   -8.1357587794e-24
 744.0000000    2.6578828616e+02    2.5599999954e+02    1.4564467821e-23    2.4621171264e+02    2.5599999953e+02   -8.1357587794e-24
 746.0000000    2.6578818392e+02    2.5599999957e+02    1.4564467821e-23    2.4621181488e+02    2.5599999956e+02   -8.1357587794e-24
 748.0000000    2.6578808208e+02    2.5599999959e+02    1.4564467821e-23    2.4621191675e+02    2.5599999961e+02   -8.1357587794e-24
 750.0000000    2.6578798060e+02    2.5599999959e+02    1.4564467821e-23    2.4621201828e+02    2.5599999965e+02   -8.1357587794e-24
 752.0000000    2.6578787942e+02    2.5599999958e+02    1.4564467821e-23    2.4621211950e+02    2.5599999967e+02   -8.1357587794e-24
 754.0000000    2.6578777845e+02    2.5599999954e+02    1.4564467821e-23    2.4621222046e+02    2.5599999967e+02   -8.1357587794e-24
 756.0000000    2.6578767763e+02    2.5599999948e+02    1.4564467821e-23    2.4621232123e+02    2.5599999967e+02   -8.1357587794e-24
 758.0000000    2.6578757689e+02    2.5599999941e+02    1.4564467821e-23    2.4621242186e+02    2.5599999966e+02   -8.1357587794e-24
 760.0000000    2.6578747623e+02    2.5599999935e+02    1.4564467821e-23    2.4621252239e+02    2.5599999965e+02   -8.1357587794e-24
 762.0000000    2.6578737568e+02    2.5599999930e+02    1.4564467821e-23    2.4621262281e+02    2.5599999962e+02   -8.1357587794e-24
 764.0000000    2.6578727527e+02    2.5599999929e+02    1.4564467821e-23    2.4621272313e+02    2.5599999958e+02   -8.1357587794e-24
 766.0000000    2.6578717506e+02    2.5599999930e+02    1.4564467821e-23    2.4621282332e+02    2.5599999954e+02   -8.1357587794e-24
 768.0000000    2.6578707509e+02    2.5599999934e+02    1.4564467821e-23    2.4621292335e+02    2.5599999950e+02   -8.1357587794e-24
 770.0000000    2.6578697543e+02    2.5599999940e+02    1.4564467821e-23    2.4621302315e+02    2.5599999949e+02   -8.1357587794e-24
 772.0000000    2.6578687615e+02    2.5599999946e+02    1.4564467821e-23    2.4621312262e+02    2.5599999949e+02   -8.1357587794e-24
 774.0000000    2.6578677729e+02    2.5599999952e+02    1.4564467821e-23    2.4621322166e+02    2.5599999951e+02   -8.1357587794e-24
 776.0000000    2.6578667891e+02    2.5599999957e+02    1.4564467821e-23    2.4621332020e+02    2.5599999953e+02   -8.1357587794e-24
 778.0000000    2.6578658098e+02    2.5599999960e+02    1.4564467821e-23    2.4621341822e+02    2.5599999957e+02   -8.1357587794e-24
 780.0000000    2.6578648351e+02    2.5599999959e+02    1.4564467821e-23    2.4621351573e+02    2.5599999961e+02   -8.1357587794e-24
 782.0000000    2.6578638645e+02    2.5599999956e+02    1.4564467821e-23    2.4621361278e+02    2.5599999965e+02   -8.1357587794e-24
 784.0000000    2.6578628978e+02    2.5599999951e+02    1.4564467821e-23    2.4621370939e+02    2.5599999968e+02   -8.1357587794e-24
 786.0000000    2.6578619351e+02    2.5599999945e+02    1.4564467821e-23    2.4621380559e+02    2.5599999968e+02   -8.1357587794e-24
 788.0000000    2.6578609759e+02    2.5599999940e+02    1.4564467821e-23    2.4621390143e+02    2.5599999966e+02   -8.1357587794e-24
 790.0000000    2.6578600199e+02    2.5599999936e+02    1.4564467821e-23    2.4621399696e+02    2.5599999962e+02   -8.1357587794e-24
 792.0000000    2.6578590666e+02    2.5599999934e+02    1.4564467821e-23    2.4621409224e+02    2.5599999958e+02   -8.1357587794e-24
 794.0000000    2.6578581155e+02    2.5599999934e+02    1.4564467821e-23    2.4621418731e+02    2.5599999955e+02   -8.1357587794e-24
 796.0000000    2.6578571666e+02    2.5599999935e+02    1.4564467821e-23    2.4621428216e+02    2.5599999952e+02   -8.1357587794e-24
 798.0000000    2.6578562205e+02    2.5599999937e+02    1.4564467821e-23    2.4621437674e+02    2.5599999951e+02   -8.1357587794e-24
 800.0000000    2.6578552782e+02    2.5599999938e+02    1.4564467821e-23    2.4621447093e+02    2.5599999951e+02   -8.1357587794e-24
 802.0000000    2.6578543410e+02    2.5599999940e+02    1.4564467821e-23    2.4621456462e+02    2.5599999952e+02   -8.1357587794e-24
 804.0000000    2.6578534104e+02    2.5599999941e+02    1.4564467821e-23    2.4621465765e+02    2.5599999953e+02   -8.1357587794e-24
 806.0000000    2.6578524874e+02    2.5599999941e+02    1.4564467821e-23    2.4621474991e+02    2.5599999954e+02   -8.1357587794e-24
 808.0000000    2.6578515729e+02    2.5599999941e+02    1.4564467821e-23    2.4621484131e+02    2.5599999956e+02   -8.1357587794e-24
 810.0000000    2.6578506669e+02    2.5599999940e+02    1.4564467821e-23    2.4621493187e+02    2.5599999956e+02   -8.1357587794e-24
 812.0000000    2.6578497687e+02    2.5599999938e+02    1.4564467821e-23    2.4621502167e+02    2.5599999956e+02   -8.1357587794e-24
 814.0000000    2.6578488765e+02    2.5599999936e+02    1.4564467821e-23    2.4621511091e+02    2.5599999955e+02   -8.1357587794e-24
 816.0000000    2.6578479878e+02    2.5599999934e+02    1.4564467821e-23    2.4621519988e+02    2.5599999952e+02   -8.1357587794e-24
 818.0000000    2.6578470993e+02    2.5599999933e+02    1.4564467821e-23    2.4621528890e+02    2.5599999950e+02   -8.1357587794e-24
 820.0000000    2.6578462075e+02    2.5599999933e+02    1.4564467821e-23    2.4621537829e+02    2.5599999947e+02   -8.1357587794e-24
 822.0000000    2.6578453087e+02    2.5599999934e+02    1.4564467821e-23    2.4621546836e+02    2.5599999946e+02   -8.1357587794e-24
 824.0000000    2.6578443999e+02    2.5599999937e+02    1.4564467821e-23    2.4621555938e+02    2.5599999946e+02   -8.1357587794e-24
 826.0000000    2.6578434794e+02    2.5599999940e+02    1.4564467821e-23    2.4621565153e+02    2.5599999947e+02   -8.1357587794e-24
 828.0000000    2.6578425465e+02    2.5599999944e+02    1.4564467821e-23    2.4621574486e+02    2.5599999950e+02   -8.1357587794e-24
 830.0000000    2.6578416025e+02    2.5599999947e+02    1.4564467821e-23    2.4621583924e+02    2.5599999954e+02   -8.1357587794e-24
 832.0000000    2.6578406504e+02    2.5599999949e+02    1.4564467821e-23    2.4621593440e+02    2.5599999958e+02   -8.1357587794e-24
 834.0000000    2.6578396944e+02    2.5599999948e+02    1.4564467821e-23    2.4621602990e+02    2.5599999961e+02   -8.1357587794e-24
 836.0000000    2.6578387396e+02    2.5599999945e+02    1.4564467821e-23    2.4621612523e+02    2.5599999964e+02   -8.1357587794e-24
 838.0000000    2.6578377912e+02    2.5599999940e+02    1.4564467821e-23    2.4621621986e+02    2.5599999964e+02   -8.1357587794e-24
 840.0000000    2.6578368545e+02    2.5599999933e+02    1.4564467821e-23    2.4621631327e+02    2.5599999963e+02   -8.1357587794e-24
 842.0000000    2.6578359338e+02    2.5599999927e+02    1.4564467821e-23    2.4621640509e+02    2.5599999959e+02   -8.1357587794e-24
 844.0000000    2.6578350325e+02    2.5599999921e+02    1.4564467821e-23    2.4621649503e+02    2.5599999954e+02   -8.1357587794e-24
 846.0000000    2.6578341522e+02    2.5599999917e+02    1.4564467821e-23    2.4621658299e+02    2.5599999947e+02   -8.1357587794e-24
 848.0000000    2.6578332929e+02    2.5599999915e+02    1.4564467821e-23    2.4621666898e+02    2.5599999941e+02   -8.1357587794e-24
 850.0000000    2.6578324527e+02    2.5599999918e+02    1.4564467821e-23    2.4621675316e+02    2.5599999935e+02   -8.1357587794e-24
 852.0000000    2.6578316286e+02    2.5599999923e+02    1.4564467821e-23    2.4621683581e+02    2.5599999932e+02   -8.1357587794e-24
 854.0000000    2.6578308162e+02    2.5599999930e+02    1.4564467821e-23    2.4621691731e+02    2.5599999932e+02   -8.1357587794e-24
 856.0000000    2.6578300107e+02    2.5599999938e+02    1.4564467821e-23    2.4621699812e+02    2.5599999935e+02   -8.1357587794e-24
 858.0000000    2.6578292068e+02    2.5599999944e+02    1.4564467821e-23    2.4621707871e+02    2.5599999942e+02   -8.1357587794e-24
 860.0000000    2.6578283998e+02    2.5599999949e+02    1.4564467821e-23    2.4621715955e+02    2.5599999949e+02   -8.1357587794e-24
 862.0000000    2.6578275861e+02    2.5599999950e+02    1.4564467821e-23    2.4621724098e+02    2.5599999957e+02   -8.1357587794e-24
 864.0000000    2.6578267633e+02    2.5599999949e+02    1.4564467821e-23    2.4621732324e+02    2.5599999963e+02   -8.1357587794e-24
 866.0000000    2.6578259303e+02    2.5599999945e+02    1.4564467821e-23    2.4621740641e+02    2.5599999965e+02   -8.1357587794e-24
 868.0000000    2.6578250880e+02    2.5599999939e+02    1.4564467821e-23    2.4621749046e+02    2.5599999965e+02   -8.1357587794e-24
 870.0000000    2.6578242382e+02    2.5599999933e+02    1.4564467821e-23    2.4621757523e+02    2.5599999962e+02   -8.1357587794e-24
 872.0000000    2.6578233833e+02    2.5599999928e+02    1.4564467821e-23    2.4621766051e+02    2.5599999957e+02   -8.1357587794e-24
 874.0000000    2.6578225264e+02    2.5599999923e+02    1.4564467821e-23    2.4621774607e+02    2.5599999952e+02   -8.1357587794e-24
 876.0000000    2.6578216696e+02    2.5599999921e+02    1.4564467821e-23    2.4621783170e+02    2.5599999946e+02   -8.1357587794e-24
 878.0000000    2.6578208147e+02    2.5599999920e+02    1.4564467821e-23    2.4621791725e+02    2.5599999942e+02   -8.1357587794e-24
 880.0000000    2.6578199622e+02    2.5599999920e+02    1.4564467821e-23    2.4621800266e+02    2.5599999939e+02   -8.1357587794e-24
 882.0000000    2.6578191116e+02    2.5599999921e+02    1.4564467821e-23    2.4621808792e+02    2.5599999938e+02   -8.1357587794e-24
 884.0000000    2.6578182615e+02    2.5599999922e+02    1.4564467821e-23    2.4621817311e+02    2.5599999938e+02   -8.1357587794e-24
 886.0000000    2.6578174102e+02    2.5599999924e+02    1.4564467821e-23    2.4621825835e+02    2.5599999939e+02   -8.1357587794e-24
 888.0000000    2.6578165563e+02    2.5599999925e+02    1.4564467821e-23    2.4621834376e+02    2.5599999940e+02   -8.1357587794e-24
 890.0000000    2.6578156990e+02    2.5599999926e+02    1.4564467821e-23    2.4621842943e+02    2.5599999942e+02   -8.1357587794e-24
 892.0000000    2.6578148391e+02    2.5599999928e+02    1.4564467821e-23    2.4621851531e+02    2.5599999943e+02   -8.1357587794e-24
 894.0000000    2.6578139787e+02    2.5599999930e+02    1.4564467821e-23    2.4621860121e+02    2.5599999943e+02   -8.1357587794e-24
 896.0000000    2.6578131215e+02    2.5599999931e+02    1.4564467821e-23    2.4621868679e+02    2.5599999944e+02   -8.1357587794e-24
 898.0000000    2.6578122726e+02    2.5599999932e+02    1.4564467821e-23    2.4621877156e+02    2.5599999944e+02   -8.1357587794e-24
 900.0000000    2.6578114375e+02    2.5599999933e+02    1.4564467821e-23    2.4621885500e+02    2.5599999945e+02   -8.1357587794e-24
 902.0000000    2.6578106217e+02    2.5599999933e+02    1.4564467821e-23    2.4621893657e+02    2.5599999945e+02   -8.1357587794e-24
 904.0000000    2.6578098295e+02    2.5599999933e+02    1.4564467821e-23    2.4621901586e+02    2.5599999946e+02   -8.1357587794e-24
 906.0000000    2.6578090632e+02    2.5599999931e+02    1.4564467821e-23    2.4621909262e+02    2.5599999947e+02   -8.1357587794e-24
 908.0000000    2.6578083228e+02    2.5599999930e+02    1.4564467821e-23    2.4621916686e+02    2.5599999948e+02   -8.1357587794e-24
 910.0000000    2.6578076049e+02    2.5599999928e+02    1.4564467821e-23    2.4621923885e+02    2.5599999948e+02   -8.1357587794e-24
 912.0000000    2.6578069038e+02    2.5599999925e+02    1.4564467821e-23    2.4621930915e+02    2.5599999948e+02   -8.1357587794e-24
 914.0000000    2.6578062112e+02    2.5599999921e+02    1.4564467821e-23    2.4621937853e+02    2.5599999948e+02   -8.1357587794e-24
 916.0000000    2.6578055178e+02    2.5599999918e+02    1.4564467821e-23    2.4621944790e+02    2.5599999947e+02   -8.1357587794e-24
 918.0000000    2.6578048141e+02    2.5599999915e+02    1.4564467821e-23    2.4621951821e+02    2.5599999945e+02   -8.1357587794e-24
 920.0000000    2.6578040918e+02    2.5599999914e+02    1.4564467821e-23    2.4621959029e+02    2.5599999943e+02   -8.1357587794e-24
 922.0000000    2.6578033448e+02    2.5599999914e+02    1.4564467821e-23    2.4621966479e+02    2.5599999941e+02   -8.1357587794e-24
 924.0000000    2.6578025699e+02    2.5599999915e+02    1.4564467821e-23    2.4621974207e+02    2.5599999939e+02   -8.1357587794e-24
 926.0000000    2.6578017671e+02    2.5599999918e+02    1.4564467821e-23    2.4621982216e+02    2.5599999937e+02   -8.1357587794e-24
 928.0000000    2.6578009396e+02    2.5599999922e+02    1.4564467821e-23    2.4621990478e+02    2.5599999935e+02   -8.1357587794e-24
 930.0000000    2.6578000930e+02    2.5599999926e+02    1.4564467821e-23    2.4621998938e+02    2.5599999934e+02   -8.1357587794e-24
 932.0000000    2.6577992348e+02    2.5599999929e+02    1.4564467821e-23    2.4622007522e+02    2.5599999935e+02   -8.1357587794e-24
 934.0000000    2.6577983732e+02    2.5599999932e+02    1.4564467821e-23    2.4622016147e+02    2.5599999936e+02   -8.1357587794e-24
 936.0000000    2.6577975164e+02    2.5599999932e+02    1.4564467821e-23    2.4622024731e+02    2.5599999937e+02   -8.1357587794e-24
 938.0000000    2.6577966712e+02    2.5599999931e+02    1.4564467821e-23    2.4622033202e+02    2.5599999940e+02   -8.1357587794e-24
 940.0000000    2.6577958429e+02    2.5599999929e+02    1.4564467821e-23    2.4622041504e+02    2.5599999942e+02   -8.1357587794e-24
 942.0000000    2.6577950344e+02    2.5599999925e+02    1.4564467821e-23    2.4622049606e+02    2.5599999945e+02   -8.1357587794e-24
 944.0000000    2.6577942467e+02    2.5599999922e+02    1.4564467821e-23    2.4622057497e+02    2.5599999948e+02   -8.1357587794e-24
 946.0000000    2.6577934786e+02    2.5599999918e+02    1.4564467821e-23    2.4622065185e+02    2.5599999950e+02   -8.1357587794e-24
 948.0000000    2.6577927274e+02    2.5599999916e+02    1.4564467821e-23    2.4622072697e+02    2.5599999951e+02   -8.1357587794e-24
 950.0000000    2.6577919898e+02    2.5599999914e+02    1.4564467821e-23    2.4622080067e+02    2.5599999950e+02   -8.1357587794e-24
 952.0000000    2.6577912617e+02    2.5599999914e+02    1.4564467821e-23    2.4622087338e+02    2.5599999947e+02   -8.1357587794e-24
 954.0000000    2.6577905395e+02    2.5599999915e+02    1.4564467821e-23    2.4622094547e+02    2.5599999943e+02   -8.1357587794e-24
 956.0000000    2.6577898199e+02    2.5599999916e+02    1.4564467821e-23    2.4622101729e+02    2.5599999937e+02   -8.1357587794e-24
 958.0000000    2.6577891004e+02    2.5599999917e+02    1.4564467821e-23    2.4622108912e+02    2.5599999932e+02   -8.1357587794e-24
 960.0000000    2.6577883793e+02    2.5599999918e+02    1.4564467821e-23    2.4622116114e+02    2.5599999928e+02   -8.1357587794e-24
 962.0000000    2.6577876558e+02    2.5599999918e+02    1.4564467821e-23    2.4622123345e+02    2.5599999924e+02   -8.1357587794e-24
 964.0000000    2.6577869294e+02    2.5599999917e+02    1.4564467821e-23    2.4622130609e+02    2.5599999923e+02   -8.1357587794e-24
 966.0000000    2.6577862004e+02    2.5599999916e+02    1.4564467821e-23    2.4622137902e+02    2.5599999924e+02   -8.1357587794e-24
 968.0000000    2.6577854693e+02    2.5599999915e+02    1.4564467821e-23    2.4622145219e+02    2.5599999926e+02   -8.1357587794e-24
 970.0000000    2.6577847369e+02    2.5599999913e+02    1.4564467821e-23    2.4622152550e+02    2.5599999930e+02   -8.1357587794e-24
 972.0000000    2.6577840040e+02    2.5599999912e+02    1.4564467821e-23    2.4622159887e+02    2.5599999935e+02   -8.1357587794e-24
 974.0000000    2.6577832713e+02    2.5599999912e+02    1.4564467821e-23    2.4622167223e+02    2.5599999940e+02   -8.1357587794e-24
 976.0000000    2.6577825393e+02    2.5599999912e+02    1.4564467821e-23    2.4622174551e+02    2.5599999944e+02   -8.1357587794e-24
 978.0000000    2.6577818083e+02    2.5599999914e+02    1.4564467821e-23    2.4622181867e+02    2.5599999946e+02   -8.1357587794e-24
 980.0000000    2.6577810786e+02    2.5599999916e+02    1.4564467821e-23    2.4622189168e+02    2.5599999946e+02   -8.1357587794e-24
 982.0000000    2.6577803504e+02    2.5599999918e+02    1.4564467821e-23    2.4622196450e+02    2.5599999944e+02   -8.1357587794e-24
 984.0000000    2.6577796240e+02    2.5599999921e+02    1.4564467821e-23    2.4622203711e+02    2.5599999941e+02   -8.1357587794e-24
 986.0000000    2.6577788998e+02    2.5599999922e+02    1.4564467821e-23    2.4622210951e+02    2.5599999938e+02   -8.1357587794e-24
 988.0000000    2.6577781777e+02    2.5599999922e+02    1.4564467821e-23    2.4622218168e+02    2.5599999935e+02   -8.1357587794e-24
 990.0000000    2.6577774579e+02    2.5599999921e+02    1.4564467821e-23    2.4622225363e+02    2.5599999933e+02   -8.1357587794e-24
 992.0000000    2.6577767402e+02    2.5599999919e+02    1.4564467821e-23    2.4622232536e+02    2.5599999932e+02   -8.1357587794e-24
 994.0000000    2.6577760246e+02    2.5599999916e+02    1.4564467821e-23    2.4622239689e+02    2.5599999932e+02   -8.1357587794e-24
 996.0000000    2.6577753111e+02    2.5599999913e+02    1.4564467821e-23    2.4622246824e+02    2.5599999932e+02   -8.1357587794e-24
 998.0000000    2.6577745995e+02    2.5599999909e+02    1.4564467821e-23    2.4622253940e+02    2.5599999932e+02   -8.1357587794e-24
1000.0000000    2.6577738899e+02    2.5599999905e+02    1.4564467821e-23    2.4622261039e+02    2.5599999932e+02   -8.1357587794e-24
