#       time         integral Re         integral Im         integral Re         integral Im
#       r =            50.000000           50.000000          100.000000          100.000000
   0.0000000    2.9559794499e-05    2.3229520263e-22    1.8927711287e-06    8.2767624691e-24
   1.0000000    2.9558337177e-05    6.3350099424e-22    1.8913594238e-06    8.2886110766e-24
   2.0000000    2.9519115539e-05    4.9391943458e-22    1.8909413593e-06   -1.1410662262e-23
   3.0000000    2.9478484192e-05    9.1583260340e-22    1.8886114495e-06   -2.4924036003e-24
   4.0000000    2.9452729616e-05    7.4999994564e-22    1.8859162486e-06    8.1422792355e-24
   5.0000000    2.9424083685e-05    7.2554951140e-22    1.8853858646e-06   -7.8798939032e-24
   6.0000000    2.9383553816e-05    7.5935795227e-22    1.8878666541e-06   -1.0785690949e-23
   7.0000000    2.9338647145e-05    1.0038591813e-21    1.8912108781e-06   -5.6241966827e-24
   8.0000000    2.9291591283e-05    6.9383507801e-22    1.8927701363e-06    3.7471069671e-23
   9.0000000    2.9243630082e-05    4.6873106912e-22    1.8922520757e-06    1.1991753673e-23
  10.0000000    2.9194006319e-05    7.2575653971e-22    1.8911000621e-06   -1.0648583827e-23
  11.0000000    2.9135811448e-05    5.3488553254e-22    1.8901545537e-06   -1.5724277527e-23
  12.0000000    2.9063251170e-05    5.2405755600e-22    1.8892185735e-06   -1.2392157270e-23
  13.0000000    2.8977110671e-05    8.3694865135e-22    1.8881861650e-06   -8.1907838595e-24
  14.0000000    2.8879480186e-05    3.2125444368e-22    1.8873079703e-06    3.8909774965e-24
  15.0000000    2.8769254531e-05    7.6263863375e-22    1.8865453139e-06    6.5683172269e-24
  16.0000000    2.8643841898e-05    2.9761958922e-22    1.8855070768e-06    1.5786846201e-23
  17.0000000    2.8501690894e-05    3.8159300788e-22    1.8840288618e-06    7.5339695886e-24
  18.0000000    2.8336856507e-05    4.3354943661e-22    1.8823888158e-06   -7.1043493372e-24
  19.0000000    2.8140448865e-05    8.1679378623e-22    1.8809473993e-06    2.5253894269e-24
  20.0000000    2.7940840763e-05    3.2751637371e-22    1.8797834296e-06    2.8630141306e-24
  21.0000000    2.7733966615e-05    5.3516583677e-22    1.8786866799e-06   -2.8304933821e-24
  22.0000000    2.7294760907e-05    4.4834013789e-22    1.8774022436e-06   -3.3475858622e-24
  23.0000000    2.6858735980e-05    3.2707704412e-22    1.8758477229e-06   -7.2686143228e-24
  24.0000000    2.7191192302e-05    1.0635911337e-21    1.8741134884e-06    3.4551537928e-24
  25.0000000    2.6554708696e-05   -1.6739209082e-22    1.8723182178e-06   -2.8742052495e-23
  26.0000000    2.3666753805e-05   -5.2542384822e-21    1.8705461511e-06    8.3483346313e-25
  27.0000000    2.6713761726e-05   -1.6244080301e-21    1.8688851539e-06   -6.5162599986e-24
  28.0000000    3.6605641389e-05    1.8678966082e-20    1.8673691971e-06   -1.2253537325e-23
  29.0000000    2.4589492081e-05    2.4329302855e-20    1.8658342133e-06    6.9635804348e-24
  30.0000000   -1.7759014886e-05   -2.1208030817e-20    1.8639555650e-06   -9.4221933185e-24
  31.0000000   -2.6563952998e-05   -5.9310921294e-20    1.8615170158e-06    1.5271741477e-23
  32.0000000    4.1180822367e-05   -2.2341499440e-20    1.8585920170e-06   -8.8060688296e-24
  33.0000000    1.1080520244e-04    4.8973709488e-20    1.8554176875e-06    1.1237304835e-23
  34.0000000    9.7452197249e-05    7.1935649267e-20    1.8521478713e-06   -1.3636913409e-23
  35.0000000    9.6179557381e-06    3.8590834012e-20    1.8487729198e-06    7.8287836901e-24
  36.0000000   -1.0810512418e-04   -5.0928535212e-20    1.8452183583e-06   -1.3631694084e-23
  37.0000000   -1.5245041381e-04   -1.6292587037e-19    1.8414297075e-06   -2.5480855386e-23
  38.0000000   -1.4332706701e-05   -4.7929961670e-20    1.8373448130e-06   -6.0069644771e-24
  39.0000000    1.4695565373e-04    1.7355076403e-19    1.8328392462e-06   -1.2272986537e-24
  40.0000000    7.4082317108e-05    1.5042152243e-19    1.8277576688e-06   -1.3999381018e-23
  41.0000000   -1.1186529094e-04   -5.3798750210e-20    1.8220204893e-06    7.7960809928e-24
  42.0000000   -1.3085260553e-04   -1.2328525653e-19    1.8156886605e-06   -3.4828264186e-24
  43.0000000   -2.9755699152e-05   -7.1675469779e-20    1.8089005978e-06   -8.7505192661e-24
  44.0000000   -2.2561442563e-05   -8.5888267219e-21    1.8017507202e-06    3.4061144287e-24
  45.0000000   -1.3970641783e-04    5.5085613639e-20    1.7942568580e-06   -2.4774886703e-24
  46.0000000   -2.4762209193e-04    6.6974550471e-20    1.7862256667e-06   -7.9973535280e-26
  47.0000000   -2.2165549097e-04   -4.8675467151e-22    1.7765794139e-06    3.9466693339e-24
  48.0000000   -6.6116750923e-05   -6.5510383058e-20    1.7633970147e-06   -9.5049763695e-24
  49.0000000    6.1239084374e-05    2.0186203945e-20    1.7479884436e-06   -1.0658796673e-24
  50.0000000    3.8037251845e-07    1.1823893144e-19    1.7401269398e-06   -4.4871118264e-24
  51.0000000   -2.1986894089e-04    6.3477375366e-20    1.7487119799e-06    4.3411591483e-24
  52.0000000   -4.0556204733e-04   -5.5206393411e-20    1.7537944536e-06    1.0824484876e-23
  53.0000000   -3.9289082974e-04   -1.4642925139e-19    1.7041951301e-06    1.9678670917e-23
  54.0000000   -1.8867213739e-04   -1.2123525634e-19    1.5858891571e-06   -1.5855329534e-23
  55.0000000    5.2755273375e-05   -2.5064026731e-20    1.4840270870e-06   -2.0978944983e-22
  56.0000000    1.8775497094e-04    7.2685354735e-20    1.4950391374e-06   -4.1548971136e-22
  57.0000000    2.1908517088e-04    8.2171306620e-20    1.6064656218e-06    3.2416654394e-22
  58.0000000    2.3712687038e-04    7.3722136020e-20    1.9274864921e-06    2.3267957432e-21
  59.0000000    2.6074696700e-04    5.4150344499e-20    3.0732927202e-06    3.4544283253e-21
  60.0000000    2.4319028861e-04    3.1273363231e-20    5.4173222615e-06   -4.8945344079e-22
  61.0000000    2.1357924066e-04   -1.9039335564e-20    6.7101089259e-06   -1.0891474928e-20
  62.0000000    2.7031277998e-04   -6.2843847170e-20    1.2312106214e-06   -1.6948440731e-20
  63.0000000    4.1145944227e-04   -7.2872636063e-20   -1.4605887630e-05   -7.0919302861e-21
  64.0000000    4.8412687767e-04   -3.6159548132e-20   -3.2057204385e-05    2.1850461488e-20
  65.0000000    3.6925267214e-04    1.5991026616e-20   -2.8468313744e-05    4.4756457275e-20
  66.0000000    1.5203160915e-04    3.8608398085e-20    1.3637864407e-05    3.4646666636e-20
  67.0000000    1.7938333424e-05    2.3131115339e-20    7.7628382609e-05   -1.3781926772e-20
  68.0000000    3.8013969460e-05    7.5096633648e-21    1.0838114631e-04   -5.4715320752e-20
  69.0000000    1.5107781928e-04    1.3324769014e-20    5.4821694540e-05   -7.2203336680e-20
  70.0000000    2.6860140813e-04    2.2835224989e-20   -6.9431217061e-05   -4.2056323068e-20
  71.0000000    3.0517758422e-04    7.6629159228e-21   -1.7416919795e-04   -6.6859853310e-21
  72.0000000    1.9567247972e-04   -2.7599792645e-20   -1.6234687670e-04    5.0023859801e-20
  73.0000000   -4.0818027836e-05   -3.3861311160e-20   -2.5757747625e-05    1.3793618028e-19
  74.0000000   -2.8826789316e-04   -1.3873643316e-20    1.3390908760e-04    1.5676586196e-19
  75.0000000   -4.1197361407e-04    1.1339348007e-20    1.9271646199e-04    4.5898263273e-20
  76.0000000   -3.5235691567e-04    1.6845440821e-20    1.1774533395e-04   -1.9862038584e-19
  77.0000000   -1.5691988832e-04    1.4834248777e-20   -1.1493933242e-05   -3.4997501966e-19
  78.0000000    5.7706389980e-05    8.5022488894e-21   -9.2221398085e-05   -1.7014646148e-19
  79.0000000    1.7137497193e-04   -1.0172956430e-20   -9.4590172106e-05    2.4952447882e-19
  80.0000000    1.2755066342e-04   -2.9052894426e-20   -6.3400309032e-05    5.0410983364e-19
  81.0000000   -2.5369167946e-05   -2.9270957167e-20   -4.2790188394e-05    2.4745747970e-19
  82.0000000   -1.6557099744e-04   -1.3637945532e-20   -2.5608151896e-05   -3.1790186361e-19
  83.0000000   -1.9032082317e-04    4.4354885680e-21    1.6877140519e-05   -6.0493429598e-19
  84.0000000   -9.0412165331e-05    1.6691236804e-20    7.5717379873e-05   -2.7682740796e-19
  85.0000000    5.0592289188e-05    2.5285254498e-20    9.8175227301e-05    3.2594286860e-19
  86.0000000    1.2756669049e-04    3.5618342695e-20    4.4336736263e-05    5.9500793415e-19
  87.0000000    9.8727501059e-05    3.0648543566e-20   -6.1667880311e-05    2.7003221159e-19
  88.0000000    9.1763525087e-06    4.8296768778e-21   -1.4567068465e-04   -2.5076231564e-19
  89.0000000   -6.4941167999e-05   -3.2280135981e-20   -1.4824982815e-04   -4.3271301396e-19
  90.0000000   -8.4107499810e-05   -5.5065726335e-20   -7.4055090481e-05   -1.9489319521e-19
  91.0000000   -5.8223168664e-05   -4.2598658329e-20    1.8099043165e-05    1.1938698952e-19
  92.0000000   -1.5961216002e-05   -6.8408549284e-21    6.5930814477e-05    1.9435935656e-19
  93.0000000    2.0956553256e-05    3.1182513056e-20    4.4207392653e-05    6.4138135516e-20
  94.0000000    4.2588040443e-05    4.9027951031e-20   -3.2809206596e-05   -3.9997555559e-20
  95.0000000    4.7094691769e-05    3.7576485097e-20   -1.3230281142e-04   -3.2587987883e-20
  96.0000000    3.6923484140e-05    8.5530200688e-21   -2.1903234184e-04    1.2175714915e-20
  97.0000000    1.6734013800e-05   -1.8956439129e-20   -2.6019386260e-04    1.3285845419e-20
  98.0000000   -6.5501341819e-06   -3.1735539690e-20   -2.3333957853e-04   -1.1481360606e-20
  99.0000000   -2.4572501162e-05   -2.4167162171e-20   -1.4409291141e-04    1.2024766570e-21
 100.0000000   -3.0685447920e-05   -7.0977430014e-21   -3.7579855113e-05    3.1579240722e-20
 101.0000000   -2.3340518186e-05    7.8354917784e-21    1.8342280229e-05    2.5826934250e-20
 102.0000000   -7.1410450791e-06    1.6173397834e-20   -2.2883902424e-05   -2.8611912432e-20
 103.0000000    1.0249702392e-05    1.2725155096e-20   -1.4587280748e-04   -7.6300128441e-20
 104.0000000    2.1989905069e-05    4.8111764795e-21   -2.7215131178e-04   -4.3624736487e-20
 105.0000000    2.3596627156e-05   -2.6886487991e-21   -3.0733130095e-04    5.1117855463e-20
 106.0000000    1.5696536604e-05   -3.2869604915e-21   -2.0616318231e-04    1.1958068024e-19
 107.0000000    5.2342368086e-06   -1.2252451265e-21   -6.4212891492e-06    9.7767849944e-20
 108.0000000   -1.3250541244e-06   -4.9058789661e-21    1.9658952258e-04    1.0444744971e-20
 109.0000000   -3.7519037290e-06   -9.6977265611e-21    3.1642897200e-04   -8.2905779556e-20
 110.0000000   -3.9882330546e-06   -8.8215451908e-21    3.3094952913e-04   -9.8498356245e-20
 111.0000000   -2.0049108777e-06    1.7290336624e-21    2.8525569083e-04   -4.2010105780e-20
 112.0000000    2.2339511797e-06    1.3799039903e-20    2.4589304065e-04    2.5014755980e-20
 113.0000000    7.3950288762e-06    1.6249118182e-20    2.4865275994e-04    4.3153250000e-20
 114.0000000    1.1599867374e-05    8.6301692012e-21    2.8122556256e-04    1.1721304376e-20
 115.0000000    1.2787052708e-05   -3.8927636615e-21    3.0665001495e-04   -2.7532525743e-20
 116.0000000    9.8506397218e-06   -1.3317462459e-20    2.9941806374e-04   -4.0368507694e-20
 117.0000000    4.0861945847e-06   -1.5707171093e-20    2.6221571482e-04   -1.4443297278e-20
 118.0000000   -1.4639763364e-06   -9.5095655899e-21    2.1509180412e-04    3.0991355625e-20
 119.0000000   -4.0094341787e-06    1.8788050521e-21    1.7390721068e-04    5.4247667794e-20
 120.0000000   -2.4744926171e-06    1.2233852626e-20    1.3922503291e-04    5.0696258307e-20
 121.0000000    2.1482013521e-06    1.5310977429e-20    1.0183836332e-04    1.9922903547e-20
 122.0000000    7.4949087539e-06    1.0028644043e-20    5.5075142822e-05   -2.0710663834e-20
 123.0000000    1.1058706798e-05   -5.6679966536e-22    1.1373879211e-06   -4.7253338727e-20
 124.0000000    1.1330566340e-05   -1.0626647158e-20   -5.2206001664e-05   -5.4655803878e-20
 125.0000000    8.3046161012e-06   -1.2947593172e-20   -9.8491248581e-05   -3.6548794420e-20
 126.0000000    3.2454139523e-06   -8.1806223877e-21   -1.3529197193e-04   -5.8904565396e-21
 127.0000000   -1.6608807088e-06    3.3962226494e-22   -1.6117894431e-04    1.2134429393e-20
 128.0000000   -3.9945750602e-06    7.7774881613e-21   -1.7187985641e-04    1.0934655614e-20
 129.0000000   -2.4726082015e-06    9.5854367929e-21   -1.6135102610e-04    1.4382861395e-21
 130.0000000    2.2047402207e-06    5.7072166468e-21   -1.2802326164e-04   -8.9259508937e-21
 131.0000000    7.7097786254e-06   -9.0037317207e-22   -8.0333395678e-05   -1.0528148041e-20
 132.0000000    1.1207160824e-05   -5.7023828101e-21   -3.5099668895e-05   -6.6231317671e-22
 133.0000000    1.0892847165e-05   -6.2908038781e-21   -8.3847728560e-06    1.1803298654e-20
 134.0000000    7.0051080146e-06   -3.2165952095e-21   -5.5489746149e-06    1.8950242544e-20
 135.0000000    1.5377919715e-06    1.8528522604e-21   -1.8428403499e-05    1.8952568990e-20
 136.0000000   -2.8384123710e-06    5.1000531525e-21   -3.1841659848e-05    1.3213874243e-20
 137.0000000   -4.0666945941e-06    4.7566794943e-21   -3.4199061603e-05    5.7815918161e-21
 138.0000000   -1.7646795814e-06    1.0490491937e-21   -2.4241159680e-05   -6.4831185238e-21
 139.0000000    2.7418886638e-06   -2.9441555199e-21   -9.7011830287e-06   -2.0043723616e-20
 140.0000000    7.4664198824e-06   -4.5571835638e-21   -2.1203883111e-07   -2.5192405941e-20
 141.0000000    1.0646724823e-05   -3.1741892784e-21   -5.4088399649e-07   -1.4776676914e-20
 142.0000000    1.0773190841e-05    2.1712198610e-22   -8.7051642680e-06    7.3160247771e-21
 143.0000000    6.9064876372e-06    3.2700776060e-21   -1.8820135563e-05    3.1619495903e-20
 144.0000000    7.9508024125e-09    4.0627492773e-21   -2.5132596733e-05    3.9746959011e-20
 145.0000000   -6.4450528006e-06    2.1078104894e-21   -2.4261776537e-05    2.6770046164e-20
 146.0000000   -8.2182443103e-06   -1.0409680268e-21   -1.5621797573e-05   -6.3130575811e-21
 147.0000000   -3.2614721570e-06   -2.9176211168e-21   -1.5677618923e-06   -3.3992315189e-20
 148.0000000    6.4877624774e-06   -2.6334910388e-21    1.2510984166e-05   -4.4682849124e-20
 149.0000000    1.5520676534e-05   -2.7921546200e-22    1.9707511385e-05   -3.2074574487e-20
 150.0000000    1.7663684177e-05    1.9276797941e-21    1.5449726551e-05   -2.1552837095e-21
 151.0000000    1.0480003057e-05    2.4359790493e-21    1.3794710644e-06    2.4528955391e-20
 152.0000000   -2.2443974080e-06    9.5760373070e-22   -1.4572161193e-05    3.5920137154e-20
 153.0000000   -1.2684299764e-05   -1.1586538560e-21   -2.3166531150e-05    2.4095086235e-20
 154.0000000   -1.4211124037e-05   -2.1950061504e-21   -2.0446932700e-05    2.4989643293e-21
 155.0000000   -5.6629061503e-06   -1.5691519285e-21   -1.0435030979e-05   -1.6417544756e-20
 156.0000000    7.8751470176e-06   -5.8044814546e-23   -1.4845775282e-06   -1.9641937597e-20
 157.0000000    1.8092591215e-05    1.3892046023e-21    6.3876445820e-07   -9.1774654987e-21
 158.0000000    1.8729972043e-05    1.7532448512e-21   -2.9516462845e-06    5.4211349395e-21
 159.0000000    9.7172729631e-06    1.5460070272e-21   -6.0650012474e-06    1.1996548725e-20
 160.0000000   -2.9422455250e-06    7.6956958315e-22   -3.4134339333e-06    6.5022793872e-21
 161.0000000   -1.1350583938e-05   -3.5140958867e-22    4.5885933289e-06   -2.6640127109e-21
 162.0000000   -1.0780787047e-05   -1.9027868275e-21    1.2204992403e-05   -1.1004991815e-20
 163.0000000   -2.3949087999e-06   -2.7964391571e-21    1.3285688325e-05   -1.0106466875e-20
 164.0000000    7.8824447855e-06   -2.1773009310e-21    6.3264003734e-06   -1.0561545459e-21
 165.0000000    1.3491115668e-05    1.9113688264e-22   -4.4383008967e-06    9.8402698139e-21
 166.0000000    1.1434283437e-05    3.3133688788e-21   -1.2418118432e-05    1.5080782112e-20
 167.0000000    3.7542927640e-06    4.6529717250e-21   -1.3440408350e-05    1.0133763835e-20
 168.0000000   -4.2286264563e-06    3.0810563347e-21   -8.1718761441e-06   -2.8042456741e-21
 169.0000000   -7.4716711064e-06   -9.3346039657e-22   -8.1691808797e-07   -1.5372712245e-20
 170.0000000   -4.3509727121e-06   -4.4862528263e-21    4.2742743948e-06   -1.8598328893e-20
 171.0000000    2.6159193398e-06   -5.3076932577e-21    5.2939252908e-06   -9.2951190161e-21
 172.0000000    8.8035633528e-06   -2.9026607800e-21    3.3494125712e-06    6.1795044649e-21
 173.0000000    1.0528860082e-05    1.3378741679e-21    9.3416742479e-07    1.8379500847e-20
 174.0000000    7.0665182226e-06    4.7163092030e-21    1.0663131687e-08    1.9368795934e-20
 175.0000000    7.6419113007e-07    5.2401229415e-21    9.2776124586e-07    7.2765527523e-21
 176.0000000   -4.5315619621e-06    3.1720631657e-21    2.5006356621e-06   -7.8521024375e-21
 177.0000000   -5.8011324465e-06   -8.9930042221e-22    2.9505640049e-06   -1.6951929281e-20
 178.0000000   -2.5791996456e-06   -4.1363554272e-21    1.1692441823e-06   -1.5128797361e-20
 179.0000000    2.9198813699e-06   -4.9814270516e-21   -2.3506663967e-06   -3.8202302615e-21
 180.0000000    7.3038711758e-06   -3.2971160722e-21   -5.5737304167e-06    8.0086075944e-21
 181.0000000    8.1400970034e-06    4.2361987120e-22   -6.1569571246e-06    1.3622372219e-20
 182.0000000    5.3293628939e-06    3.9046866945e-21   -3.1622125452e-06    1.0017674206e-20
 183.0000000    9.1654281929e-07    4.8469181136e-21    2.0346184117e-06   -2.7145741259e-22
 184.0000000   -2.3779726761e-06    2.8236585691e-21    6.4722540658e-06   -8.8663551155e-21
 185.0000000   -2.8926828113e-06   -7.7720080898e-22    7.5418572281e-06   -1.0493716648e-20
 186.0000000   -9.0221157980e-07   -3.7164578687e-21    4.7133993032e-06   -5.1903515486e-21
 187.0000000    1.9041424444e-06   -4.0466451048e-21   -1.9284918724e-07    2.9064800280e-21
 188.0000000    3.8051134587e-06   -1.5841348836e-21   -4.2845902076e-06    8.8594678675e-21
 189.0000000    4.1206391243e-06    1.4347447725e-21   -5.4330268887e-06    8.9231591591e-21
 190.0000000    3.2809657298e-06    3.5240091293e-21   -3.4568320830e-06    3.9724831930e-21
 191.0000000    2.1396281084e-06    3.0121830474e-21   -4.2631395737e-08   -3.8509134923e-21
 192.0000000    1.2439847950e-06    9.6078320618e-22    2.4095793697e-06   -9.1989592699e-21
 193.0000000    6.2682010354e-07   -1.6365122185e-21    2.3050087440e-06   -9.9727285718e-21
 194.0000000    1.7220472497e-07   -3.4675669772e-21   -1.1147328445e-07   -4.0494368394e-21
 195.0000000    4.5230305016e-08   -2.8536398274e-21   -2.8369513846e-06    5.2323051153e-21
 196.0000000    5.9709924415e-07   -6.7538004545e-22   -3.3771730892e-06    1.2607486231e-20
 197.0000000    1.7991169322e-06    1.8574340655e-21   -5.1108848282e-07    1.2440369898e-20
 198.0000000    2.9265885480e-06    3.4039386935e-21    4.6205898185e-06    4.5144674400e-21
 199.0000000    3.0287826606e-06    3.0307833020e-21    8.9915934501e-06   -7.3891527131e-21
 200.0000000    1.8373171937e-06    1.0962534185e-21    9.5757491887e-06   -1.6087241197e-20
 201.0000000    1.8661985485e-07   -9.5726768857e-22    5.4036652908e-06   -1.5672574910e-20
 202.0000000   -5.9437378458e-07   -2.1844030520e-21   -1.6719634622e-06   -4.5471410742e-21
 203.0000000    1.5554265113e-07   -2.2586166626e-21   -8.0703678327e-06    1.0228269220e-20
 204.0000000    1.8179724180e-06   -1.7980224642e-21   -1.0662797539e-05    1.9432928281e-20
 205.0000000    3.0535599819e-06   -9.2947958987e-22   -8.5306266036e-06    1.7541321317e-20
 206.0000000    2.9891300219e-06    5.9220961980e-22   -3.2040556302e-06    4.2868376752e-21
 207.0000000    1.8882943493e-06    1.3618107069e-21    2.5598717316e-06   -1.1453478804e-20
 208.0000000    7.4574664225e-07    2.1148475830e-21    6.4404893879e-06   -2.0705855846e-20
 209.0000000    3.1999048601e-07    2.1310240531e-21    7.5464257699e-06   -1.7189549837e-20
 210.0000000    5.5925370072e-07    7.1360483704e-22    6.3212807515e-06   -3.5180637687e-21
 211.0000000    8.7060392993e-07   -1.0324861944e-21    3.7745463512e-06    1.1141153499e-20
 212.0000000    8.3494117655e-07   -2.3216568725e-21    7.8675021038e-07    1.8290540157e-20
 213.0000000    5.9920830299e-07   -2.1175161291e-21   -2.0584641171e-06    1.4162912131e-20
 214.0000000    6.0696899266e-07   -5.4807177930e-22   -4.2345238473e-06    1.4926926518e-21
 215.0000000    1.0526979815e-06    1.3061569613e-21   -5.0920343045e-06   -1.0513006759e-20
 216.0000000    1.6695952659e-06    2.2715187414e-21   -4.0808512713e-06   -1.4536994870e-20
 217.0000000    2.0237113713e-06    1.7347528409e-21   -1.2672422359e-06   -8.9244290106e-21
 218.0000000    1.9363891986e-06    2.7418452367e-22    2.3313341408e-06    1.4900043148e-21
 219.0000000    1.5789778167e-06   -1.5518037538e-21    5.0318387995e-06    9.3738207278e-21
 220.0000000    1.2120576682e-06   -2.3674813860e-21    5.3776799166e-06    8.8239362597e-21
 221.0000000    9.2614353119e-07   -1.7054654773e-21    3.0981292011e-06    3.1144157856e-21
 222.0000000    6.4775651487e-07   -3.9919219374e-22   -5.7062133052e-07   -3.3290517870e-21
 223.0000000    3.3213547841e-07    1.0069954606e-21   -3.5331955526e-06   -5.3590000642e-21
 224.0000000    9.6344298064e-08    1.9616329733e-21   -4.1014917732e-06   -2.1500572851e-21
 225.0000000    1.4019204241e-07    2.0323827650e-21   -2.0500637927e-06    2.5370243310e-21
 226.0000000    5.3497611258e-07    1.6570624868e-21    1.2620344020e-06    3.8676606686e-21
 227.0000000    1.1197732622e-06    4.4766627010e-22    3.7876847370e-06    4.8192964204e-23
 228.0000000    1.6255773580e-06   -8.1725444520e-22    4.0939054851e-06   -4.7448340094e-21
 229.0000000    1.8786258551e-06   -1.5019208855e-21    2.2087561766e-06   -6.9090519157e-21
 230.0000000    1.8651786270e-06   -1.5791281790e-21   -4.9956690333e-07   -3.7428113260e-21
 231.0000000    1.6307778186e-06   -1.2548774179e-21   -2.2680903040e-06    2.4930900545e-21
 232.0000000    1.1837057653e-06   -8.3519877150e-22   -2.0644031633e-06    6.8967023677e-21
 233.0000000    5.5502859234e-07   -5.9567505420e-22   -1.9268798647e-07    6.9823349481e-21
 234.0000000   -5.4654016575e-08    3.0891318470e-22    1.9562957790e-06    2.2714896609e-21
 235.0000000   -2.8380674989e-07    1.2176744852e-21    2.8240203422e-06   -2.1858247687e-21
 236.0000000    1.1646347911e-07    2.3815305317e-21    1.6946652400e-06   -3.5562820979e-21
 237.0000000    9.6719981220e-07    2.6823011573e-21   -8.3260325536e-07   -7.6048917567e-22
 238.0000000    1.6717697818e-06    1.5965361304e-21   -3.2145532153e-06    8.3581431020e-22
 239.0000000    1.6523809614e-06   -8.2108015554e-22   -3.9471252432e-06   -2.7324102078e-22
 240.0000000    8.6661133702e-07   -2.9737853880e-21   -2.5160529770e-06   -4.5966943627e-21
 241.0000000   -9.0512141975e-08   -4.1232627090e-21    3.1742970175e-07   -7.0196873227e-21
 242.0000000   -4.3919853050e-07   -2.9914986853e-21    3.0621374639e-06   -4.9905228072e-21
 243.0000000    1.5475392368e-07   -5.2134350576e-22    4.4492886023e-06    2.8023425125e-21
 244.0000000    1.3182295858e-06    2.4754446118e-21    4.1081230485e-06    1.0777297427e-20
 245.0000000    2.2877191394e-06    3.9655555554e-21    2.5556197222e-06    1.3452903591e-20
 246.0000000    2.4983383189e-06    3.8944438721e-21    6.5317914995e-07    8.1352114645e-21
 247.0000000    1.9348991950e-06    2.0075414973e-21   -9.5074350746e-07   -2.5972501882e-21
 248.0000000    1.0119868832e-06   -4.9686412951e-22   -1.9874218056e-06   -1.1848444621e-20
 249.0000000    1.8569281217e-07   -2.4939753962e-21   -2.3729457294e-06   -1.5072704176e-20
 250.0000000   -3.2852369243e-07   -3.3691066349e-21   -2.0032684345e-06   -9.5376412632e-21
 251.0000000   -5.4227005786e-07   -3.1423945236e-21   -8.2026504355e-07    2.9421134178e-22
 252.0000000   -4.9689474996e-07   -1.3925876418e-21    9.2188803738e-07    9.3827549246e-21
 253.0000000   -1.3180763345e-07    7.9810004414e-22    2.5259402184e-06    1.2388079805e-20
 254.0000000    6.3923341248e-07    2.5873175585e-21    3.1105882324e-06    9.0452135359e-21
 255.0000000    1.7208144544e-06    3.1271046070e-21    2.1630855853e-06    1.6463705311e-21
 256.0000000    2.7101344982e-06    2.4871285380e-21   -9.4785395506e-09   -5.8240025940e-21
 257.0000000    3.0143237217e-06    4.2046624512e-22   -2.3105494080e-06   -9.9438745895e-21
 258.0000000    2.1885902688e-06   -1.6975297133e-21   -3.4273282062e-06   -8.4449679857e-21
 259.0000000    2.9805436633e-07   -2.7588282886e-21   -2.6242554110e-06   -2.6968091297e-21
 260.0000000   -1.9524200099e-06   -2.6132234982e-21   -2.5433278592e-07    4.6238039149e-21
 261.0000000   -3.4777143857e-06   -1.3840282612e-21    2.3713202636e-06    8.5514141752e-21
 262.0000000   -3.3842061858e-06    4.3775948980e-22    3.7330581728e-06    7.0174448877e-21
 263.0000000   -1.5294065093e-06    1.8602258001e-21    3.0486062282e-06    9.1566308870e-22
 264.0000000    1.3153621728e-06    1.9600238485e-21    8.1693134652e-07   -5.3427854259e-21
 265.0000000    3.8532394527e-06    1.2868216145e-21   -1.4464329753e-06   -7.5449413571e-21
 266.0000000    4.9725545470e-06    6.8371647506e-23   -2.1895263670e-06   -3.7321096769e-21
 267.0000000    4.3201868121e-06   -7.3133105907e-22   -9.0673720145e-07    3.1730712921e-21
 268.0000000    2.3924418482e-06   -8.3563336444e-22    1.4468069533e-06    7.4743216201e-21
 269.0000000    1.5595848867e-07   -1.6726496715e-22    3.0792715095e-06    6.4933371124e-21
 270.0000000   -1.4901457464e-06    5.4222981623e-22    2.6461832406e-06    4.5065510630e-22
 271.0000000   -2.0761743505e-06    8.4389224587e-22    2.6863332588e-07   -6.0755333549e-21
 272.0000000   -1.6215364156e-06    1.6264438794e-22   -2.5073800463e-06   -8.7785350301e-21
 273.0000000   -4.8811243466e-07   -1.0049056986e-21   -3.8198743351e-06   -5.8331484328e-21
 274.0000000    8.1329818403e-07   -1.7387594970e-21   -2.8368269908e-06    2.0589042434e-22
 275.0000000    1.7873570761e-06   -1.4597928354e-21   -3.0817348398e-07    5.3476644990e-21
 276.0000000    2.1002046955e-06   -1.4133156247e-22    2.0745813489e-06    7.2790181382e-21
 277.0000000    1.7048810594e-06    1.4912321610e-21    2.9600769386e-06    5.1374830752e-21
 278.0000000    8.7553953842e-07    2.4629819727e-21    2.2338865954e-06    1.9224194424e-21
 279.0000000    7.8258814913e-08    2.1377125838e-21    8.8118270995e-07   -1.4793963697e-21
 280.0000000   -2.8818903280e-07    1.0718515905e-21    4.0811990641e-08   -4.0014118962e-21
 281.0000000   -1.2814865988e-07   -5.5453735901e-22    9.5883529283e-08   -5.1223030185e-21
 282.0000000    3.0473827960e-07   -1.7251853339e-21    5.2255165810e-07   -4.0129504195e-21
 283.0000000    5.9486365033e-07   -2.3772459946e-21    5.2037402517e-07   -1.8181429864e-21
 284.0000000    4.6309800789e-07   -2.1438873578e-21   -1.9828926061e-07    1.5433049577e-21
 285.0000000   -2.6736702959e-08   -1.1389356150e-21   -1.1509750840e-06    4.4713635752e-21
 286.0000000   -4.9404967300e-07    3.2590269900e-22   -1.5393729132e-06    5.3210783971e-21
 287.0000000   -4.8793530359e-07    1.9201479269e-21   -9.7406277588e-07    3.0372650376e-21
 288.0000000    1.9845135490e-07    2.6720672206e-21    1.7744227523e-07   -1.8643390849e-22
 289.0000000    1.3436684900e-06    2.4947686495e-21    1.1100639533e-06   -2.8064654909e-21
 290.0000000    2.3698149870e-06    1.2823205887e-21    1.2662043092e-06   -3.7760286053e-21
 291.0000000    2.6476885103e-06   -5.5632904514e-22    7.7172000387e-07   -3.4818293804e-21
 292.0000000    1.8717676117e-06   -2.2061763198e-21    2.4384630615e-07   -2.1090649928e-21
 293.0000000    2.8700485748e-07   -2.5689693354e-21    1.6714146198e-07   -4.4352390469e-22
 294.0000000   -1.3837704658e-06   -1.7990758270e-21    4.3129789784e-07    1.9777145276e-21
 295.0000000   -2.2991958673e-06   -4.2659093594e-22    4.7477088383e-07    4.2787565083e-21
 296.0000000   -1.9576105801e-06    9.6074443209e-22   -9.5522318059e-08    4.8533077607e-21
 297.0000000   -4.9073373240e-07    1.9349935570e-21   -1.0076530020e-06    2.6854547834e-21
 298.0000000    1.3864740698e-06    1.9276797941e-21   -1.4626174534e-06   -8.2777514862e-22
 299.0000000    2.7495613670e-06    9.8246276993e-22   -8.3139903153e-07   -4.0276328754e-21
 300.0000000    2.9515556892e-06   -1.8696018600e-22    7.1043042959e-07   -4.4449919426e-21
 301.0000000    1.9501892623e-06   -1.0524483890e-21    2.2145018326e-06   -2.1460296264e-21
 302.0000000    3.0146782605e-07   -1.3350565840e-21    2.6755259316e-06    7.4576794570e-22
 303.0000000   -1.1597149010e-06   -1.0894485655e-21    1.8275989089e-06    1.8898492057e-21
 304.0000000   -1.7603444011e-06   -4.8921513222e-22    3.3557586057e-07    8.2941012280e-22
 305.0000000   -1.3099245568e-06    1.9728580727e-22   -7.7083966147e-07   -7.8128178208e-22
 306.0000000   -1.4664880939e-07    8.2553271368e-22   -9.1590774089e-07   -9.8955842862e-22
 307.0000000    1.0864725907e-06    9.4597796568e-22   -3.5578475605e-07    9.9633743223e-22
 308.0000000    1.7939465113e-06    6.4709919267e-22    1.5515025322e-07    3.1740471067e-21
 309.0000000    1.7167689217e-06    1.3263970369e-23    5.6637776278e-08    3.3224129356e-21
 310.0000000    1.0177973928e-06   -5.4930285670e-22   -5.8218040306e-07    8.8113799165e-22
 311.0000000    1.4228827980e-07   -7.7844481107e-22   -1.2083138985e-06   -2.4994554678e-21
 312.0000000   -4.4822633937e-07   -4.7033184688e-22   -1.3037081583e-06   -4.2154222615e-21
 313.0000000   -5.1484273660e-07    2.0433946069e-23   -7.8958236468e-07   -3.0622484771e-21
 314.0000000   -1.3123349818e-07    4.2100908240e-22   -7.1561555512e-09   -3.9773493414e-22
 315.0000000    4.0361383787e-07    5.9198989995e-22    6.2316294331e-07    1.5672633071e-21
 316.0000000    7.6022132477e-07    4.3588621652e-22    9.1487847735e-07    1.5290587104e-21
 317.0000000    7.6254280798e-07    1.4527924963e-22    9.5402789372e-07    7.0550105198e-22
 318.0000000    4.6382628629e-07   -2.3889686949e-22    9.0987827348e-07    2.2279592811e-22
 319.0000000    8.7947652873e-08   -4.4732215005e-22    8.4843411614e-07    9.3414540551e-22
 320.0000000   -1.1574115260e-07   -4.7825095014e-22    7.1332391061e-07    1.6900463137e-21
 321.0000000   -1.7248112851e-08   -3.0643045641e-22    4.3977513344e-07    1.1139667159e-21
 322.0000000    3.2621306246e-07   -1.1575681814e-23    5.1759308871e-08   -1.0154482124e-21
 323.0000000    7.0963011079e-07    2.8949705852e-22   -3.4983119488e-07   -3.2263582025e-21
 324.0000000    9.0025576642e-07    4.6685459849e-22   -6.6580627591e-07   -3.4723329593e-21
 325.0000000    7.7103222889e-07    4.2795206810e-22   -8.4334663306e-07   -1.4981339493e-21
 326.0000000    3.7388213983e-07    2.1749518673e-22   -8.4889827681e-07    1.5588347891e-21
 327.0000000   -8.8331379091e-08   -9.8964405474e-23   -6.2774565727e-07    3.7493706098e-21
 328.0000000   -3.7570914249e-07   -3.0902304462e-22   -1.2722251622e-07    3.5173529103e-21
 329.0000000   -3.4508083658e-07   -3.4992042123e-22    6.1554968283e-07    1.3995572847e-21
 330.0000000   -2.5379809114e-08   -2.4463907006e-22    1.4066229462e-06   -8.3765284835e-22
 331.0000000    4.0726745441e-07   -7.3311305168e-23    1.9381285520e-06   -2.0293276898e-21
 332.0000000    7.3454681990e-07    8.3130843768e-23    1.9432166682e-06   -1.7885195807e-21
 333.0000000    8.1424043871e-07    1.4218327982e-22    1.3644178054e-06   -1.1312599605e-21
 334.0000000    6.4342622373e-07    1.4339143607e-22    4.1193350754e-07   -6.2780423553e-22
 335.0000000    3.3908796357e-07    8.9657411892e-23   -5.3770958644e-07   -5.7743022870e-22
 336.0000000    6.0672536855e-08    3.1107120521e-23   -1.1385668979e-06   -3.6219201720e-22
 337.0000000   -7.2953157902e-08    7.7651680978e-25   -1.2394652927e-06    2.8570931449e-22
 338.0000000   -2.9221354010e-08    2.7937338564e-23   -9.1941030115e-07    1.4778906425e-21
 339.0000000    1.4116812461e-07    4.5572481873e-23   -3.9642936984e-07    2.2565357863e-21
 340.0000000    3.4068837290e-07    7.4343261450e-23    1.0399531608e-07    1.9237022185e-21
 341.0000000    4.7157957460e-07    4.9226939970e-24    4.2882596021e-07    4.2664748149e-22
 342.0000000    4.7510559289e-07   -3.3782734763e-23    5.0058497202e-07   -1.4445610799e-21
 343.0000000    3.5332354122e-07   -1.1770198505e-22    2.9149691464e-07   -2.5121378268e-21
 344.0000000    1.6712553777e-07   -1.7256005398e-22   -1.7195206664e-07   -2.2165273866e-21
 345.0000000    8.8811944787e-09   -1.4218519832e-22   -7.7024655111e-07   -5.5113775979e-22
 346.0000000   -4.2107291878e-08   -5.4130246921e-23   -1.2764282453e-06    1.2539444163e-21
 347.0000000    3.8812511568e-08    6.6405477964e-23   -1.4253413114e-06    2.1198797330e-21
 348.0000000    2.0681737759e-07    1.4659756874e-22   -1.0558146653e-06    1.7005153183e-21
 349.0000000    3.7109417604e-07    1.7639303445e-22   -2.3577172246e-07    2.8853739976e-22
 350.0000000    4.4486522533e-07    9.7621852565e-23    7.3219401114e-07   -9.1294243997e-22
 351.0000000    3.9204178413e-07   -7.7935923339e-24    1.4528819488e-06   -1.5131992993e-21
 352.0000000    2.4240885170e-07   -8.6995328192e-23    1.6505577285e-06   -1.1761038126e-21
 353.0000000    6.8669277650e-08   -4.6522447108e-23    1.3190743787e-06   -4.1926263270e-22
 354.0000000   -5.6188558345e-08    4.5575713047e-23    7.1611339071e-07    2.7769600230e-22
 355.0000000   -9.2349607455e-08    1.6866083443e-22    2.0784416636e-07    4.2696252098e-22
 356.0000000   -3.9511675268e-08    2.5470700518e-22    6.1161857239e-08    3.6021696193e-22
 357.0000000    7.9667428635e-08    2.1611547531e-22    3.0523348613e-07    8.6866889015e-23
 358.0000000    2.3939342413e-07    7.5916439422e-23    7.3509473349e-07    1.6220656383e-22
 359.0000000    4.1677438159e-07   -1.0977591457e-22    1.0445403013e-06    4.1026219678e-22
 360.0000000    5.8335402592e-07   -2.6727627308e-22    1.0047335831e-06    7.0312209992e-22
 361.0000000    6.9661021413e-07   -3.6525840158e-22    5.8529911384e-07    6.4810893463e-22
 362.0000000    7.0703412212e-07   -3.2540025140e-22   -4.6588056893e-08    1.4273793107e-22
 363.0000000    5.8276951054e-07   -2.2855872742e-22   -6.3935788375e-07   -4.7950828082e-22
 364.0000000    3.3684353744e-07   -4.8655022124e-23   -1.0058182691e-06   -7.9829391460e-22
 365.0000000    3.5803668077e-08    1.0165920481e-22   -1.1127267981e-06   -7.5028467294e-22
 366.0000000   -2.2143924504e-07    2.3395963521e-22   -1.0601857427e-06   -5.9897892989e-23
 367.0000000   -3.4647529700e-07    3.3213724975e-22   -9.7751022994e-07    6.2357462842e-22
 368.0000000   -3.0285201781e-07    2.5106951075e-22   -9.1895321457e-07    8.9541008839e-22
 369.0000000   -1.2248935492e-07    1.3480297486e-22   -8.3656510547e-07    5.1531413457e-22
 370.0000000    1.1227197910e-07   -4.5430310205e-23   -6.4343965979e-07   -5.6349215460e-22
 371.0000000    3.1031699949e-07   -1.4168658775e-22   -3.0908398639e-07   -1.3571351977e-21
 372.0000000    4.1324377184e-07   -1.3125191434e-22    9.3888752191e-08   -1.5413476739e-21
 373.0000000    4.1449995140e-07   -2.0642356810e-23    4.2970557733e-07   -8.6354424776e-22
 374.0000000    3.4888227243e-07    1.5742281033e-22    5.9263811594e-07    2.7364168639e-22
 375.0000000    2.6316735959e-07    2.9733034634e-22    5.7890629285e-07    1.3032658681e-21
 376.0000000    1.8823646534e-07    3.0871123631e-22    4.8311540137e-07    1.7680032397e-21
 377.0000000    1.2886958440e-07    1.4957751920e-22    4.2669950334e-07    1.5070277564e-21
 378.0000000    7.3572022751e-08   -1.0957235059e-22    4.7653514326e-07    6.2226923401e-22
 379.0000000    1.3529792589e-08   -3.8266312177e-22    6.1260188584e-07   -3.8728693215e-22
 380.0000000   -4.4269358154e-08   -5.2000741520e-22    7.5909576077e-07   -1.0082233068e-21
 381.0000000   -7.8330948551e-08   -4.8058224237e-22    8.4417391610e-07   -1.2744995314e-21
 382.0000000   -6.6168347079e-08   -3.3835887580e-22    8.3889729372e-07   -1.0167116016e-21
 383.0000000   -3.9610125074e-10   -9.7814107434e-23    7.5243504656e-07   -3.2117508715e-22
 384.0000000    1.0267997892e-07    1.2896747414e-22    6.0065330319e-07    3.8443057410e-22
 385.0000000    2.0703527919e-07    3.3861413857e-22    3.8410998390e-07    1.0503982089e-21
 386.0000000    2.7185161220e-07    4.1454027151e-22    9.6613415624e-08    1.2642227817e-21
 387.0000000    2.7056835968e-07    4.1120569967e-22   -2.4621009773e-07    9.7522009281e-22
 388.0000000    2.0505249519e-07    3.5820151698e-22   -5.8861628597e-07    2.9660564191e-22
 389.0000000    1.0738838420e-07    2.5478899623e-22   -8.4889102350e-07   -3.0608429163e-22
 390.0000000    2.6932810230e-08    1.7457549893e-22   -9.6068463864e-07   -6.1778597972e-22
 391.0000000    7.5393654999e-09    5.7214402760e-23   -9.1286671306e-07   -4.0091440962e-22
 392.0000000    6.5757154545e-08   -1.1121055595e-22   -7.5835789284e-07   -1.9777533017e-22
 393.0000000    1.8147932754e-07   -2.9655394312e-22   -5.8400151362e-07   -2.4070834656e-23
 394.0000000    3.0664505866e-07   -3.7550990779e-22   -4.6083222423e-07   -3.1341562409e-22
 395.0000000    3.8804198447e-07   -4.4583419429e-22   -4.0718696982e-07   -7.2200427455e-22
 396.0000000    3.9254526861e-07   -3.3528118231e-22   -3.8732416138e-07   -1.0984554638e-21
 397.0000000    3.2185260952e-07   -2.0188699943e-22   -3.4336172715e-07   -9.8575533651e-22
 398.0000000    2.0959270405e-07   -6.8534014013e-23   -2.3631626483e-07   -5.5271497672e-22
 399.0000000    1.0312956742e-07    9.5759080600e-23   -6.8019430425e-08    8.9570574084e-23
 400.0000000    4.0202081493e-08    1.9709839916e-22    1.2831350670e-07    4.3849296636e-22
 401.0000000    3.2635725826e-08    2.9832139545e-22    3.1746738334e-07    4.8184886268e-22
 402.0000000    6.4805048965e-08    4.0014539015e-22    4.8656671061e-07    3.3070422396e-22
 403.0000000    1.0598484359e-07    4.1917377541e-22    6.4559905303e-07    2.5490087564e-22
 404.0000000    1.2817717392e-07    3.9754106369e-22    8.0590246184e-07    4.2797226294e-22
 405.0000000    1.1889013411e-07    2.4841267771e-22    9.5666964965e-07    7.3830393314e-22
 406.0000000    8.2718371818e-08    3.0954649485e-24    1.0608702723e-06    7.1914145415e-22
 407.0000000    3.3265294723e-08   -3.3277217549e-22    1.0755053288e-06    5.1426400294e-22
 408.0000000   -1.7263848750e-08   -5.6585616247e-22    9.8041393813e-07   -1.9736012428e-23
 409.0000000   -6.3195210857e-08   -7.0686783869e-22    7.9205918324e-07   -5.6363957692e-22
 410.0000000   -1.0251746442e-07   -6.0271659072e-22    5.5042518718e-07   -5.5173593092e-22
 411.0000000   -1.2952513316e-07   -4.2703199123e-22    2.8904243784e-07   -2.8153221395e-22
 412.0000000   -1.2981210076e-07   -4.9798857815e-23    1.2542614760e-08    8.9264420322e-23
 413.0000000   -8.2962189011e-08    2.6818100188e-22   -2.9877840867e-07    3.2388079170e-22
 414.0000000    2.6722985283e-08    4.4630271456e-22   -6.5872723470e-07    4.7414251205e-23
 415.0000000    1.9654310368e-07    5.4237198789e-22   -1.0415141160e-06   -3.7924292381e-22
 416.0000000    3.9676497289e-07    5.0583013323e-22   -1.3717416660e-06   -7.6306765273e-22
 417.0000000    5.7382948764e-07    3.4549977093e-22   -1.5501713779e-06   -9.3801635229e-22
 418.0000000    6.6694995013e-07    2.1584890344e-22   -1.5028143492e-06   -6.9445043598e-22
 419.0000000    6.3238462480e-07    1.4854354344e-22   -1.2240444212e-06   -2.8140296698e-22
 420.0000000    4.6410337929e-07    3.1600884339e-24   -7.8681522873e-07    9.7452215916e-23
 421.0000000    1.9954199527e-07    3.3882093372e-23   -3.1287297113e-07    3.6197714411e-22
 422.0000000   -9.4113275421e-08   -6.5268104622e-23    8.0219573094e-08    5.3424235344e-22
 423.0000000   -3.4724031913e-07   -1.5508344016e-22    3.2579089656e-07    4.9371696577e-22
 424.0000000   -5.1489905728e-07   -2.4789568982e-22    4.2495363489e-07    6.1737077382e-22
 425.0000000   -5.8980975831e-07   -3.5146774980e-22    4.2950771470e-07    7.1496839258e-22
 426.0000000   -5.9535609851e-07   -3.5539685771e-22    4.0619589538e-07    8.6736672692e-22
 427.0000000   -5.6419691885e-07   -3.2589300547e-22    4.0507232163e-07    8.7464817813e-22
 428.0000000   -5.1575670054e-07   -2.3891625653e-22    4.4694703029e-07    7.4374523061e-22
 429.0000000   -4.4541074842e-07   -4.4535274933e-23    5.2925588877e-07    4.0918944692e-22
 430.0000000   -3.3047909439e-07    7.3271723283e-23    6.3818119319e-07   -7.5699950746e-23
 431.0000000   -1.4828369392e-07    1.1709937105e-22    7.5492052288e-07   -2.7044928621e-22
 432.0000000    1.0479634320e-07    1.4084365516e-22    8.5362291714e-07   -2.8299916707e-22
 433.0000000    4.0411390260e-07    8.1223643156e-23    8.9847237862e-07   -2.9022407273e-22
 434.0000000    7.0227941257e-07    2.3442169313e-24    8.4916990245e-07   -2.6603711775e-22
 435.0000000    9.4623793390e-07   -1.1925658377e-23    6.7663134146e-07   -2.9202383680e-22
 436.0000000    1.0968136535e-06    1.1730778179e-23    3.8087056008e-07   -3.7517164423e-22
 437.0000000    1.1408490722e-06    7.5560202459e-23   -7.9187414676e-10   -4.2116417876e-22
 438.0000000    1.0905969519e-06    1.8523221458e-22   -4.0185428916e-07   -4.2905470632e-22
 439.0000000    9.7224147596e-07    3.0011025430e-22   -7.4787882589e-07   -3.9466854976e-22
 440.0000000    8.1120089337e-07    2.8114689642e-22   -9.8048027692e-07   -4.3522624917e-22
 441.0000000    6.2288153548e-07    1.6364605197e-22   -1.0734817797e-06   -4.5847454803e-22
 442.0000000    4.1333872839e-07    2.3228104018e-24   -1.0360006380e-06   -4.7026267955e-22
 443.0000000    1.8761324610e-07   -2.3785885476e-22   -9.0360483825e-07   -2.1960999028e-22
 444.0000000   -4.1347608457e-08   -3.3290142246e-22   -7.2274435494e-07    1.3603243667e-22
 445.0000000   -2.5026866198e-07   -3.6378013935e-22   -5.3491311904e-07    5.8614470570e-22
 446.0000000   -4.1206064400e-07   -2.8935650244e-22   -3.6625637411e-07    1.0152026432e-21
 447.0000000   -5.0764968831e-07   -1.4319918120e-22   -2.2585120231e-07    1.1202481186e-21
 448.0000000   -5.3599473855e-07    2.0660128268e-23   -1.1168514747e-07    9.4741260706e-22
 449.0000000   -5.1624127662e-07    2.0272225797e-22   -1.9017983261e-08    5.3032051567e-22
 450.0000000   -4.8060864673e-07    2.3816541241e-22    5.5441706709e-08    1.7458357686e-22
 451.0000000   -4.6171937608e-07    2.4797323801e-22    1.1623516408e-07   -4.5235147279e-22
 452.0000000   -4.8061221738e-07    2.3842996481e-22    1.7461215145e-07   -7.9933919947e-22
 453.0000000   -5.4052395576e-07    9.7226033718e-23    2.4871433114e-07   -1.1637348775e-21
 454.0000000   -6.2790811173e-07   -1.0171736595e-23    3.5391211564e-07   -1.1642437875e-21
 455.0000000   -7.1854802483e-07   -8.3923289257e-23    4.8784529981e-07   -1.0134190350e-21
 456.0000000   -7.8502216998e-07   -1.8060810128e-22    6.2188806028e-07   -5.1851622827e-22
 457.0000000   -8.0261131454e-07   -1.8011534721e-22    7.0876429630e-07    3.1240608408e-23
 458.0000000   -7.5286679872e-07   -1.2943680220e-22    7.0497060915e-07    7.0947862750e-22
 459.0000000   -6.2576571914e-07   -3.7890365051e-23    5.9483431076e-07    1.2452689154e-21
 460.0000000   -4.2156304178e-07    8.2724523604e-23    4.0037338684e-07    1.4063750624e-21
 461.0000000   -1.5232124368e-07    1.6491105669e-22    1.7052715878e-07    1.3167859091e-21
 462.0000000    1.5811657066e-07    1.2694637463e-22   -4.2307977075e-08    8.9788678347e-22
 463.0000000    4.7703577809e-07    1.0024395048e-22   -2.0256247179e-07    2.6523740212e-22
 464.0000000    7.6872884161e-07   -4.8083104279e-23   -2.9728000187e-07   -2.4406997949e-22
 465.0000000    1.0017774085e-06   -1.7750294281e-22   -3.2875735620e-07   -7.5153236060e-22
 466.0000000    1.1553190702e-06   -3.0742684453e-22   -3.0517400777e-07   -9.0070275184e-22
 467.0000000    1.2223260743e-06   -2.7379274379e-22   -2.3917720915e-07   -9.1690385962e-22
 468.0000000    1.2091541076e-06   -2.2640636146e-22   -1.5401080185e-07   -8.0871768279e-22
 469.0000000    1.1317506657e-06   -1.0983760981e-22   -8.7064547537e-08   -6.3364942978e-22
 470.0000000    1.0095675816e-06    1.9156016647e-23   -8.0922761774e-08   -4.9701276352e-22
 471.0000000    8.5871113755e-07    1.6563403193e-22   -1.6255574761e-07   -3.0218345649e-22
 472.0000000    6.8649882296e-07    2.3895664621e-22   -3.2335020813e-07   -2.5049032276e-22
 473.0000000    4.8996576205e-07    2.9981742913e-22   -5.1555520624e-07   -1.6984344421e-22
 474.0000000    2.6003142189e-07    3.2724040514e-22   -6.7108395107e-07   -2.4867117165e-23
 475.0000000   -9.4075716170e-09    2.7143802554e-22   -7.3336280966e-07    7.2824205647e-23
 476.0000000   -3.1123793591e-07    2.3813754354e-22   -6.8360089522e-07    2.7318285964e-22
 477.0000000   -6.1913323751e-07    1.5074720429e-22   -5.4636825998e-07    3.9193497633e-22
 478.0000000   -8.8986021141e-07    4.1022180710e-23   -3.7277361150e-07    5.6074767595e-22
 479.0000000   -1.0740798546e-06    1.6871576439e-23   -2.1289793872e-07    6.5624886846e-22
 480.0000000   -1.1316331206e-06   -6.9193981357e-23   -9.3600595220e-08    8.0020838535e-22
 481.0000000   -1.0451996558e-06   -1.4749987415e-22   -1.1897428453e-08    6.6412424989e-22
 482.0000000   -8.2717977702e-07   -1.6527133262e-22    5.6390219213e-08    3.8400244351e-22
 483.0000000   -5.1771156410e-07   -2.1036560070e-22    1.4058265103e-07    2.2737773322e-23
 484.0000000   -1.7500633406e-07   -1.7198571275e-22    2.6060965863e-07   -4.0369968184e-22
 485.0000000    1.3872507867e-07   -1.7058984547e-22    4.1919582252e-07   -5.2612160471e-22
 486.0000000    3.7181878778e-07   -1.8048471082e-22    6.0148133544e-07   -5.5446627318e-22
 487.0000000    4.9452298253e-07   -1.5646719054e-22    7.8018184555e-07   -4.4761134014e-22
 488.0000000    5.0436464110e-07   -1.3008707602e-22    9.2364972892e-07   -2.6852350635e-22
 489.0000000    4.2410578703e-07   -1.1603146796e-23    1.0042108583e-06   -3.4651112848e-23
 490.0000000    2.9290145786e-07    3.8438049090e-23    1.0044310964e-06    2.9439551871e-22
 491.0000000    1.5349677547e-07    1.0671760813e-22    9.1982148709e-07    4.9507244337e-22
 492.0000000    3.9811228484e-08    2.1818019567e-22    7.5795917451e-07    6.2421758161e-22
 493.0000000   -3.0828649366e-08    2.3839926865e-22    5.3530681884e-07    6.5272305149e-22
 494.0000000   -5.8435543932e-08    2.1980062957e-22    2.7330742601e-07    5.6571399080e-22
 495.0000000   -5.4672019578e-08    2.2403023668e-22   -5.2936427544e-09    5.3565760776e-22
 496.0000000   -3.3983378106e-08    1.6411780341e-22   -2.7955148740e-07    3.4327349186e-22
 497.0000000   -5.9096053864e-09    3.7694879008e-23   -5.3245532750e-07    2.7246553896e-22
 498.0000000    2.8075524234e-08   -1.1460328893e-22   -7.5147487725e-07    4.6186404984e-23
 499.0000000    7.2426112604e-08   -2.0073791308e-22   -9.2742714819e-07   -1.2253905293e-22
 500.0000000    1.3207548689e-07   -2.5949237427e-22   -1.0528591829e-06   -3.0343957549e-22
 501.0000000    2.0711651285e-07   -3.1347075600e-22   -1.1219080310e-06   -4.4897166451e-22
 502.0000000    2.9045315000e-07   -3.3126967946e-22   -1.1325643747e-06   -5.6074282919e-22
 503.0000000    3.6912877437e-07   -2.2487034199e-22   -1.0898304297e-06   -6.2472169528e-22
 504.0000000    4.2781824668e-07   -1.4313617330e-22   -1.0065754678e-06   -4.7267555894e-22
 505.0000000    4.5211054596e-07   -2.5196293043e-23   -8.9991873535e-07   -2.8730309119e-22
 506.0000000    4.3013053479e-07    1.3479328134e-22   -7.8436105040e-07   -1.3940578261e-22
 507.0000000    3.5287949194e-07    2.6072264387e-22   -6.6591050164e-07   -2.0304699099e-23
 508.0000000    2.1492324965e-07    3.5294278086e-22   -5.4130691968e-07   -1.9736012428e-23
 509.0000000    1.6746630719e-08    3.5454221212e-22   -4.0290933081e-07   -1.4908638072e-23
 510.0000000   -2.3152738981e-07    2.8714637924e-22   -2.4562073760e-07   -1.8564388638e-22
 511.0000000   -5.0704769485e-07    1.7327454739e-22   -7.0832171019e-08   -4.2240494968e-22
 512.0000000   -7.7426385532e-07   -3.0067591175e-23    1.1505404952e-07   -4.9913039436e-22
 513.0000000   -9.8946906757e-07   -1.3489824402e-22    3.0552288746e-07   -5.8332550615e-22
 514.0000000   -1.1092385404e-06   -2.2244706227e-22    4.9755972118e-07   -5.0092571556e-22
 515.0000000   -1.1003788076e-06   -3.3192823316e-22    6.9039912259e-07   -4.5676848802e-22
 516.0000000   -9.4835211336e-07   -3.3032960969e-22    8.7981214269e-07   -1.9138245188e-22
 517.0000000   -6.6173357959e-07   -3.1518375799e-22    1.0520549732e-06    2.4311355191e-23
 518.0000000   -2.7161904947e-07   -2.1422806564e-22    1.1823273051e-06    2.0187084355e-22
 519.0000000    1.7362530216e-07   -1.4854839020e-22    1.2399256455e-06    1.9998383778e-22
 520.0000000    6.1676905696e-07   -3.4092927493e-23    1.1981882358e-06    1.4101490739e-22
 521.0000000    1.0012328408e-06    5.6407416986e-23    1.0445105617e-06   -1.3573193747e-22
 522.0000000    1.2797034392e-06    1.4021034500e-22    7.8575433959e-07   -3.5422394145e-22
 523.0000000    1.4203546480e-06    1.8869391294e-22    4.4696199283e-07   -5.0167857916e-22
 524.0000000    1.4099686667e-06    2.3977070018e-22    6.4700330338e-08   -5.4800473244e-22
 525.0000000    1.2540376190e-06    2.4826162031e-22   -3.2135091527e-07   -2.1984142314e-22
 526.0000000    9.7445142276e-07    2.3785804696e-22   -6.7486921318e-07    1.9458292999e-22
 527.0000000    6.0554281936e-07    2.2966298122e-22   -9.6563210971e-07    6.6105948110e-22
 528.0000000    1.8915876113e-07    2.2630175219e-22   -1.1693553052e-06    1.0304020870e-21
 529.0000000   -2.3072413443e-07    1.3833328519e-22   -1.2671503264e-06    1.2687787374e-21
 530.0000000   -6.1334502524e-07    8.9689925583e-23   -1.2469302813e-06    1.3921255839e-21
 531.0000000   -9.2584508026e-07    3.8723099245e-23   -1.1072116767e-06    1.2797808858e-21
 532.0000000   -1.1465513924e-06   -4.1017737846e-23   -8.6147894708e-07    1.0331033486e-21
 533.0000000   -1.2662069662e-06   -2.3499522656e-23   -5.4011340088e-07    7.8556066460e-22
 534.0000000   -1.2869224596e-06   -1.5722328532e-22   -1.8759576233e-07    5.6246868015e-22
 535.0000000   -1.2192992345e-06   -1.7334926829e-22    1.4518234010e-07    2.8980725125e-22
 536.0000000   -1.0787930460e-06   -2.0229574297e-22    4.1138422566e-07    1.2941499177e-22
 537.0000000   -8.8259045386e-07   -1.5003190309e-22    5.7812356803e-07    3.3617137082e-23
 538.0000000   -6.4787270834e-07   -7.1791441572e-23    6.3269973740e-07    1.4004232394e-22
 539.0000000   -3.9151408925e-07   -3.3985490949e-23    5.8348127930e-07    1.1374218099e-22
 540.0000000   -1.3047058644e-07    3.5245648913e-23    4.5555711286e-07    2.1471354958e-22
 541.0000000    1.1816803015e-07    9.7906195901e-23    2.8284446195e-07    1.4272177520e-22
 542.0000000    3.3812114748e-07    1.1272436109e-22    9.9252545600e-08    6.0973874020e-23
 543.0000000    5.1578436619e-07    7.2773314653e-23   -6.8456075541e-08   -2.9347907691e-22
 544.0000000    6.4235734263e-07    7.1600196445e-23   -2.0428579355e-07   -6.7450217579e-22
 545.0000000    7.1543757251e-07   -1.4045106748e-23   -3.0268179573e-07   -9.5026755147e-22
 546.0000000    7.3955462140e-07   -3.3967719490e-23   -3.6523378999e-07   -1.2391294823e-21
 547.0000000    7.2547892879e-07   -1.0735576505e-22   -3.9622187476e-07   -1.4167964072e-21
 548.0000000    6.8835897378e-07   -9.4085332329e-23   -3.9882321475e-07   -1.3757483771e-21
 549.0000000    6.4486771013e-07   -1.1031027002e-22   -3.7316886619e-07   -1.2692553356e-21
 550.0000000    6.0976934811e-07   -8.2911729763e-23   -3.1662336821e-07   -1.0617751735e-21
 551.0000000    5.9268642321e-07   -3.4195517276e-23   -2.2600262750e-07   -6.3897440498e-22
 552.0000000    5.9608717375e-07   -5.0573531846e-23   -1.0100600289e-07   -2.0405915633e-22
 553.0000000    6.1526548941e-07   -6.5859409513e-24    5.2194933836e-08    8.4251253445e-23
 554.0000000    6.4029269808e-07   -4.5014296518e-25    2.1851712286e-07    2.8902126811e-22
 555.0000000    6.5900565848e-07    2.8887505748e-23    3.7396488575e-07    3.9217892999e-22
 556.0000000    6.5969839739e-07    6.7334440566e-23    4.8883985351e-07    5.0569008202e-22
 557.0000000    6.3263512173e-07    6.1288913511e-23    5.3390437392e-07    2.9070228652e-22
 558.0000000    5.7049149685e-07    4.4554661978e-23    4.8802768348e-07   -3.6932321881e-24
 559.0000000    4.6860162641e-07    6.7967750723e-24    3.4499957960e-07   -2.5514806047e-22
 560.0000000    3.2582809461e-07    1.5311727061e-23    1.1718805287e-07   -4.0832510781e-22
 561.0000000    1.4602572044e-07    1.0739615473e-23   -1.6535211784e-07   -4.8098775474e-22
 562.0000000   -6.0872124538e-08    3.2785109708e-23   -4.6019546694e-07   -4.2087296918e-22
 563.0000000   -2.7935320978e-07   -4.0770956911e-23   -7.2071223192e-07   -2.3237959099e-22
 564.0000000   -4.9088394639e-07   -1.1158860334e-23   -9.0475556335e-07    1.4286960142e-22
 565.0000000   -6.7776783850e-07   -1.5861834481e-23   -9.8174592402e-07    4.3117274105e-22
 566.0000000   -8.2669579550e-07    5.6752420570e-24   -9.3695552282e-07    6.6315489761e-22
 567.0000000   -9.3050489235e-07    6.9001726489e-23   -7.7285803548e-07    7.6068627730e-22
 568.0000000   -9.8767080594e-07    9.6562027406e-23   -5.0806499087e-07    9.2892705907e-22
 569.0000000   -1.0002660068e-06    9.4265470295e-23   -1.7446536768e-07    8.7576778002e-22
 570.0000000   -9.7176697053e-07    1.0889541959e-22    1.8700816966e-07    7.6790148944e-22
 571.0000000   -9.0588043650e-07    1.4432504348e-22    5.3163981799e-07    7.2831314231e-22
 572.0000000   -8.0675487772e-07    8.2409888010e-23    8.1666754627e-07    4.7194046679e-22
 573.0000000   -6.8012334490e-07    5.1414444949e-23    1.0066599875e-06    2.4287282943e-22
 574.0000000   -5.3453305943e-07    4.9140506058e-23    1.0776636146e-06    1.6854451216e-22
 575.0000000   -3.8192720299e-07   -6.8444348927e-24    1.0195935379e-06    1.6037255689e-22
 576.0000000   -2.3722474014e-07   -5.4846406405e-23    8.3684452874e-07   -2.4757661137e-23
 577.0000000   -1.1691656241e-07   -1.2337996603e-22    5.4741501732e-07   -3.8822558827e-23
 578.0000000   -3.6934555113e-08   -7.9944502043e-23    1.8081820194e-07    2.8655668994e-23
 579.0000000   -1.0187345301e-08   -5.6854934622e-23   -2.2511858368e-07   -5.6152962013e-23
 580.0000000   -4.4253744931e-08   -1.9777613796e-23   -6.2848382320e-07    5.8959236864e-23
 581.0000000   -1.3976154758e-07   -6.9907263077e-23   -9.8819933635e-07    1.8398306281e-22
 582.0000000   -2.8986915133e-07    1.0720430375e-24   -1.2689285410e-06    7.0769178813e-23
 583.0000000   -4.8097225282e-07   -1.5807169575e-23   -1.4451310332e-06    1.4119262198e-22
 584.0000000   -6.9437454308e-07    1.1141795695e-23   -1.5036123620e-06    2.8425932503e-22
 585.0000000   -9.0838929036e-07    5.6765673433e-24   -1.4443085313e-06    4.3386107805e-22
 586.0000000   -1.1003421983e-06   -5.4119543656e-23   -1.2793777920e-06    5.5106707785e-22
 587.0000000   -1.2482219582e-06   -5.0395009468e-23   -1.0308334928e-06    6.8529732707e-22
 588.0000000   -1.3320857433e-06   -5.9368788203e-23   -7.2704253033e-07    8.4184166190e-22
 589.0000000   -1.3355202244e-06   -8.1715185542e-23   -3.9858582452e-07    5.5550994247e-22
 590.0000000   -1.2473428180e-06   -5.7342841937e-23   -7.4214176028e-08    5.7385978113e-22
 591.0000000   -1.0633761783e-06    3.3611397330e-23    2.2227770163e-07   -7.9952176082e-23
 592.0000000   -7.8778674825e-07    1.8135975320e-23    4.7369703902e-07   -1.5174563714e-22
 593.0000000   -4.3339811750e-07    3.3313002804e-23    6.6962228335e-07   -4.7808454466e-22
 594.0000000   -2.0659989252e-08    5.4576956764e-23    8.0564775922e-07   -8.6888214765e-22
 595.0000000    4.2456498987e-07    5.5067287459e-23    8.8242578924e-07   -1.1199702377e-21
 596.0000000    8.7381719798e-07    1.1518853537e-22    9.0492015236e-07   -1.3408161521e-21
 597.0000000    1.2987591512e-06    2.9001000744e-23    8.8175991794e-07   -1.5754397936e-21
 598.0000000    1.6733169041e-06    7.6082037103e-24    8.2426662992e-07   -1.5733181238e-21
 599.0000000    1.9751557586e-06   -8.3708416168e-23    7.4487497752e-07   -1.3902826029e-21
 600.0000000    2.1867152764e-06   -8.8749350949e-23    6.5515792382e-07   -1.5608284236e-21
 601.0000000    2.2960871418e-06   -1.1545066438e-22    5.6410270862e-07   -1.2132235426e-21
 602.0000000    2.2978321905e-06   -1.6943995133e-22    4.7729457243e-07   -1.3571513536e-21
 603.0000000    2.1935671123e-06   -2.6061677243e-22    3.9719799769e-07   -1.0292582513e-21
 604.0000000    1.9920080319e-06   -3.7225694834e-22    3.2409264601e-07   -1.1644505826e-21
 605.0000000    1.7082383235e-06   -4.7900775173e-22    2.5687700099e-07   -1.0066141820e-21
 606.0000000    1.3622187591e-06   -4.3438998088e-22    1.9316574041e-07   -7.0398240007e-22
 607.0000000    9.7682388685e-07   -5.3266271312e-22    1.2876018886e-07   -8.5420453854e-22
 608.0000000    5.7582028254e-07   -4.5237409101e-22    5.7227954439e-08   -4.2635182905e-22
 609.0000000    1.8214584217e-07   -4.8063838402e-22   -2.9483199115e-08   -3.9629908108e-22
 610.0000000   -1.8333985515e-07   -2.8509943034e-22   -1.3894084985e-07   -2.7597055524e-22
 611.0000000   -5.0267333849e-07   -4.6862568589e-22   -2.7507292897e-07    1.3055559629e-22
 612.0000000   -7.6134506060e-07   -2.7848844779e-22   -4.3520499424e-07    1.1948559325e-22
 613.0000000   -9.4878676437e-07   -1.3424600120e-22   -6.0874060334e-07    1.8357916602e-22
 614.0000000   -1.0588979805e-06   -6.0335919051e-23   -7.7837393414e-07    1.0468358393e-22
 615.0000000   -1.0905903081e-06    9.1811494413e-23   -9.2365207087e-07    3.4544807214e-22
 616.0000000   -1.0481981259e-06    3.6608851044e-22   -1.0256719697e-06    4.9052456559e-22
 617.0000000   -9.4152464924e-07    4.4243025318e-22   -1.0712334827e-06    5.0655118996e-22
 618.0000000   -7.8530341326e-07    5.5587627685e-22   -1.0550931933e-06    7.8268249612e-22
 619.0000000   -5.9797302907e-07    6.9433694098e-22   -9.7987380698e-07    1.0176583356e-21
 620.0000000   -3.9985786015e-07    8.6170611350e-22   -8.5418836528e-07    1.2629117327e-21
 621.0000000   -2.1104130287e-07    9.4168252339e-22   -6.9013590288e-07    1.6934850909e-21
 622.0000000   -4.9319510483e-08    1.1197299191e-21   -5.0127548125e-07    1.7592079833e-21
 623.0000000    7.1420165494e-08    1.0497152194e-21   -3.0161872931e-07    2.1401505048e-21
 624.0000000    1.4221340316e-07    1.2872667087e-21   -1.0548583595e-07    2.2435739308e-21
 625.0000000    1.5943056082e-07    1.1243315151e-21    7.2359817713e-08    2.0972162767e-21
 626.0000000    1.2470720833e-07    1.2251990822e-21    2.1687997536e-07    2.4714444181e-21
 627.0000000    4.4525003039e-08    9.2345991221e-22    3.1350047032e-07    2.3054137595e-21
 628.0000000   -7.0479873985e-08    6.1050271097e-22    3.4934098038e-07    2.1099729527e-21
 629.0000000   -2.0644419931e-07    8.7222758053e-22    3.1468561679e-07    2.0673408394e-21
 630.0000000   -3.4738721808e-07    4.3706983604e-22    2.0446157932e-07    1.8782395966e-21
 631.0000000   -4.7639763392e-07    3.2558200495e-22    1.9552656299e-08    1.2330161006e-21
 632.0000000   -5.7677631725e-07    6.0529102882e-22   -2.3225163313e-07    1.1980224833e-21
 633.0000000   -6.3307167377e-07    2.6666073438e-22   -5.3595708804e-07    5.1333342475e-22
 634.0000000   -6.3205075844e-07   -2.3147647778e-22   -8.6999885053e-07    9.2124817342e-23
 635.0000000   -5.6371978625e-07    1.1464206302e-22   -1.2078851958e-06   -3.0865014692e-22
 636.0000000   -4.2247227179e-07   -3.5352439223e-22   -1.5205864366e-06   -6.7548505862e-22
 637.0000000   -2.0830721219e-07   -3.9439793892e-22   -1.7791515899e-06   -1.0111394416e-21
 638.0000000    7.2092926780e-08   -2.8911275073e-22   -1.9570680809e-06   -1.4810685024e-21
 639.0000000    4.0470373225e-07   -4.2649970576e-22   -2.0321808303e-06   -1.5355977993e-21
 640.0000000    7.6814414288e-07   -6.8519615093e-22   -1.9883144121e-06   -2.2151089011e-21
 641.0000000    1.1343970864e-06   -5.7422571162e-22   -1.8168196175e-06   -1.9379161541e-21
 642.0000000    1.4702361992e-06   -1.0282775899e-21   -1.5180200412e-06   -2.5470280465e-21
 643.0000000    1.7392764277e-06   -1.0082952004e-21   -1.1021713749e-06   -2.1249122870e-21
 644.0000000    1.9045607010e-06   -9.7468937243e-22   -5.8939127802e-07   -2.3425286427e-21
 645.0000000    1.9315676643e-06   -1.5123220355e-21   -8.2486987616e-09   -2.5247280973e-21
 646.0000000    1.7914327809e-06   -1.3777565519e-21    6.0680529818e-07   -2.0268946155e-21
 647.0000000    1.4640509596e-06   -1.7430008171e-21    1.2185601568e-06   -1.9068645694e-21
 648.0000000    9.4066593914e-07   -2.2881120330e-21    1.7900442885e-06   -1.6619116716e-21
 649.0000000    2.2562391279e-07   -2.1851605604e-21    2.2870127243e-06   -1.4369358368e-21
 650.0000000   -6.6284010656e-07   -1.5480406475e-21    2.6799402003e-06   -9.8763062927e-22
 651.0000000   -1.6927124228e-06   -1.5927625228e-21    2.9457437272e-06   -7.4222657870e-22
 652.0000000   -2.8190448813e-06   -4.1137048955e-22    3.0693485797e-06   -5.1007720888e-22
 653.0000000   -3.9854319907e-06   -1.5505718687e-21    3.0449222380e-06   -3.2242757107e-22
 654.0000000   -5.1261612158e-06   -3.9108517750e-23    2.8764010685e-06   -4.8349676156e-22
 655.0000000   -6.1691642277e-06   -1.0989829530e-21    2.5770033362e-06    4.4647154342e-22
 656.0000000   -7.0398362507e-06   -5.8802363354e-22    2.1677211164e-06    2.8277136928e-22
 657.0000000   -7.6655959010e-06   -3.4256263352e-22    1.6751106114e-06    4.0975005566e-22
 658.0000000   -7.9808379555e-06   -9.8592254977e-22    1.1288596075e-06    7.1000894398e-22
 659.0000000   -7.9318070986e-06   -7.4679343964e-22    5.5954937694e-07    1.2109467764e-21
 660.0000000   -7.4809416233e-06   -2.5370958207e-22   -3.1596575678e-09    1.3616664653e-21
 661.0000000   -6.6103575659e-06    5.2462920609e-22   -5.3187158446e-07    1.9589865406e-21
 662.0000000   -5.3242737330e-06   -2.3868684316e-23   -1.0023931376e-06    2.4503286942e-21
 663.0000000   -3.6502505599e-06    4.2699402493e-22   -1.3943919208e-06    1.5435147821e-21
 664.0000000   -1.6391316819e-06    6.6388998976e-22   -1.6919422423e-06    1.6641975254e-21
 665.0000000    6.3641096581e-07    3.8531753143e-22   -1.8841319905e-06    1.3563769825e-21
 666.0000000    3.0847665581e-06    8.0858682023e-22   -1.9658183519e-06    1.2778561156e-21
 667.0000000    5.5996256797e-06    1.1818294534e-21   -1.9384278931e-06    2.0513216872e-21
 668.0000000    8.0653393202e-06    9.0713601981e-22   -1.8104821776e-06    1.6049339523e-21
 669.0000000    1.0363038650e-05    1.9964133331e-21   -1.5974432407e-06    2.1761215523e-21
 670.0000000    1.2377086715e-05    1.8631653608e-21   -1.3206150239e-06    1.7077499175e-21
 671.0000000    1.4001419860e-05    1.1955740610e-21   -1.0051626365e-06    1.0779730501e-21
 672.0000000    1.5145366970e-05    1.0130878396e-21   -6.7764039771e-07    6.4864530956e-22
 673.0000000    1.5738596462e-05   -5.3094817127e-22   -3.6355733510e-07    1.3762379000e-21
 674.0000000    1.5734929969e-05    1.5084413952e-21   -8.5385779657e-08    2.8964569254e-22
 675.0000000    1.5114871083e-05    2.4053022808e-21    1.3886173631e-07    1.3730875051e-22
 676.0000000    1.3886806517e-05    1.5732102834e-21    2.9660483805e-07   -1.2844984002e-21
 677.0000000    1.2086914103e-05    1.5749648110e-21    3.8139488212e-07   -1.1148827538e-21
 678.0000000    9.7778352878e-06    5.4986265764e-22    3.9339762929e-07   -1.6612500886e-21
 679.0000000    7.0461489254e-06    1.1267557036e-21    3.3953490804e-07   -1.0160486050e-21
 680.0000000    3.9986606358e-06    1.3431797561e-21    2.3307050837e-07   -2.8556585035e-21
 681.0000000    7.5754933508e-07    1.2201366400e-21    9.2491058586e-08   -2.5908750814e-21
 682.0000000   -2.5454856848e-06    4.4669924023e-22   -6.0287936512e-08   -3.1351631556e-21
 683.0000000   -5.7757804591e-06    5.0577005358e-22   -2.0217265616e-07   -2.5572353261e-21
 684.0000000   -8.8025227690e-06   -3.7588936882e-22   -3.1127531201e-07   -3.3790845011e-21
 685.0000000   -1.1505311076e-05   -8.0916681601e-24   -3.6911943727e-07   -2.7694006908e-21
 686.0000000   -1.3779959645e-05   -7.9393748389e-22   -3.6244681330e-07   -3.1377480950e-21
 687.0000000   -1.5543158547e-05   -1.2576594589e-21   -2.8452384157e-07   -3.1583306751e-21
 688.0000000   -1.6735744163e-05   -1.0882659557e-21   -1.3593212342e-07   -1.6071860808e-21
 689.0000000   -1.7324483783e-05   -1.4939156513e-21    7.5139533686e-08   -2.0910027286e-21
 690.0000000   -1.7302405010e-05   -1.8648334546e-21    3.3309735666e-07   -7.5419000143e-22
 691.0000000   -1.6687801826e-05   -2.0270682912e-21    6.1566033384e-07   -5.4809358973e-22
 692.0000000   -1.5522124555e-05   -2.2540352614e-21    8.9511622441e-07    9.2101391329e-22
 693.0000000   -1.3867005853e-05   -1.5982920717e-21    1.1400969356e-06    1.6631080138e-21
 694.0000000   -1.1800682307e-05   -2.0667461014e-21    1.3177793019e-06    2.7441199834e-21
 695.0000000   -9.4140410905e-06   -1.4887962595e-21    1.3963426136e-06    3.5408887837e-21
 696.0000000   -6.8064668007e-06   -1.3319926230e-21    1.3474767013e-06    4.0754025558e-21
 697.0000000   -4.0816093785e-06   -1.6185307337e-21    1.1487512868e-06    5.3369951616e-21
 698.0000000   -1.3431641222e-06   -9.8901155237e-22    7.8571621642e-07    5.2794414855e-21
 699.0000000    1.3092382716e-06   -1.0045405759e-21    2.5366822513e-07    5.8617507874e-21
 700.0000000    3.7838964854e-06   -6.1603064430e-22   -4.4094626473e-07    5.2702003271e-21
 701.0000000    6.0004783452e-06   -1.2550446312e-22   -1.2795431682e-06    5.7882124922e-21
 702.0000000    7.8928336187e-06   -6.9438742808e-23   -2.2309455352e-06    5.7826968777e-21
 703.0000000    9.4110010019e-06    1.5692460364e-22   -3.2516532132e-06    3.1405208464e-21
 704.0000000    1.0522302954e-05    4.3487915038e-22   -4.2870551599e-06    2.5423137633e-21
 705.0000000    1.1211525391e-05    8.0575166676e-22   -5.2737359239e-06    1.4455304322e-21
 706.0000000    1.1480280343e-05    9.9653433191e-22   -6.1428682297e-06    5.9880121531e-23
 707.0000000    1.1345716646e-05    1.1318258199e-21   -6.8244805831e-06   -1.2121491772e-21
 708.0000000    1.0838761114e-05    1.1264237005e-21   -7.2522207566e-06   -3.2142752264e-21
 709.0000000    1.0002046842e-05    1.1385153604e-21   -7.3681648142e-06   -2.8620772312e-21
 710.0000000    8.8876381715e-06    1.2799771796e-21   -7.1272563128e-06   -4.1499909826e-21
 711.0000000    7.5546172974e-06    1.2296306377e-21   -6.5010581098e-06   -5.4364959420e-21
 712.0000000    6.0665710048e-06    1.0524760559e-21   -5.4805997127e-06   -7.0040807510e-21
 713.0000000    4.4890116896e-06    9.3783813283e-22   -4.0781725212e-06   -7.1661823016e-21
 714.0000000    2.8867808856e-06    8.3129921116e-22   -2.3279705870e-06   -7.2768370956e-21
 715.0000000    1.3215091768e-06    6.4043499672e-22   -2.8552177459e-07   -6.9099340263e-21
 716.0000000   -1.5076476666e-07    5.5447576475e-22    1.9740836309e-06   -7.5589036650e-21
 717.0000000   -1.4816912773e-06    3.0625433217e-22    4.3590962032e-06   -6.7852623984e-21
 718.0000000   -2.6322930046e-06    2.2445311661e-22    6.7650280901e-06   -6.1294083390e-21
 719.0000000   -3.5741229806e-06   -7.4430099258e-23    9.0794540531e-06   -4.7349563097e-21
 720.0000000   -4.2898266159e-06   -2.1742228336e-22    1.1187529841e-05   -2.4732958809e-21
 721.0000000   -4.7730902203e-06   -3.9489069300e-22    1.2978007471e-05   -1.8033183589e-21
 722.0000000   -5.0280118830e-06   -3.6686954585e-22    1.4349436614e-05   -2.0143140385e-23
 723.0000000   -5.0679733554e-06   -6.5474334320e-22    1.5216151517e-05    6.7757078161e-22
 724.0000000   -4.9141207784e-06   -6.8355920775e-22    1.5513600556e-05    2.5024669222e-21
 725.0000000   -4.5935799792e-06   -6.9115725094e-22    1.5202606417e-05    4.4780262566e-21
 726.0000000   -4.1375416089e-06   -7.2185518615e-22    1.4272238857e-05    4.4229411977e-21
 727.0000000   -3.5793527536e-06   -7.4611317648e-22    1.2741104315e-05    5.5193303255e-21
 728.0000000   -2.9527413044e-06   -7.0970359801e-22    1.0656976135e-05    6.1532059375e-21
 729.0000000   -2.2902743349e-06   -6.7629790089e-22    8.0947939478e-06    7.1949175383e-21
 730.0000000   -1.6221133959e-06   -5.7182393940e-22    5.1531550449e-06    7.2502970380e-21
 731.0000000   -9.7508576107e-07   -3.7227348286e-22    1.9495083698e-06    7.0993551554e-21
 732.0000000   -3.7205228815e-07   -2.9131338236e-22   -1.3856619805e-06    5.9412021314e-21
 733.0000000    1.6847053107e-07   -3.0473850754e-22   -4.7153228024e-06    6.6154706529e-21
 734.0000000    6.3248155319e-07   -1.5965999461e-22   -7.9026798367e-06    5.7926585880e-21
 735.0000000    1.0104970505e-06    1.2629448522e-23   -1.0817896262e-05    4.3014878193e-21
 736.0000000    1.2974080247e-06    1.9427273726e-22   -1.3344379340e-05    2.6144820406e-21
 737.0000000    1.4922071804e-06    2.3702238452e-22   -1.5384290645e-05    1.6248638352e-21
 738.0000000    1.5975984484e-06    2.7721576903e-22   -1.6862965251e-05    4.8279559674e-22
 739.0000000    1.6195071113e-06    4.2370670901e-22   -1.7731976230e-05   -2.0670791143e-22
 740.0000000    1.5665155495e-06    3.9812913741e-22   -1.7970659943e-05   -7.1497081596e-22
 741.0000000    1.4492542207e-06    4.4300282736e-22   -1.7586026512e-05   -2.2730093225e-21
 742.0000000    1.2797782333e-06    4.0103396307e-22   -1.6611112969e-05   -3.4513561759e-21
 743.0000000    1.0709578793e-06    2.7659619136e-22   -1.5101980317e-05   -3.3833270329e-21
 744.0000000    8.3590811980e-07    3.0220607471e-22   -1.3133686301e-05   -3.8044863649e-21
 745.0000000    5.8747670208e-07    2.7978657205e-22   -1.0795652127e-05   -3.8486726730e-21
 746.0000000    3.3780183599e-07    2.9214015907e-22   -8.1868553009e-06   -4.1243467680e-21
 747.0000000    9.7938019222e-08    1.6495225416e-22   -5.4112126449e-06   -4.2047997761e-21
 748.0000000   -1.2246368641e-07    2.3465999223e-22   -2.5733866429e-06   -3.6365186173e-21
 749.0000000   -3.1543940712e-07    8.7290172844e-24    2.2490089946e-07   -3.3894458672e-21
 750.0000000   -4.7496943782e-07    1.2361261058e-22    2.8880810767e-06   -2.8738370899e-21
 751.0000000   -5.9719387317e-07    1.8746061411e-22    5.3295617934e-06   -2.3980733362e-21
 752.0000000   -6.8054375348e-07    2.0396868345e-22    7.4742344191e-06   -1.4641258401e-21
 753.0000000   -7.2572773588e-07    8.7764347668e-23    9.2606753527e-06   -1.5792994313e-21
 754.0000000   -7.3552403585e-07    8.9503527218e-24    1.0642983726e-05   -5.0047496675e-22
 755.0000000   -7.1436699907e-07    1.6176631634e-22    1.1592140199e-05    3.0234097624e-23
 756.0000000   -6.6777394922e-07    2.0124157237e-24    1.2096745422e-05    1.9885454238e-22
 757.0000000   -6.0170699036e-07    3.7173599722e-22    1.2163007183e-05    6.9425979670e-22
 758.0000000   -5.2198391126e-07    6.3562347531e-22    1.1813894812e-05    9.5893739788e-22
 759.0000000   -4.3383409841e-07    6.3432272572e-22    1.1087462898e-05    9.6191320840e-22
 760.0000000   -3.4164965764e-07    6.1325506560e-22    1.0034447068e-05    1.8938542462e-21
 761.0000000   -2.4893002664e-07    7.1918184383e-22    8.7153238375e-06    1.8067942946e-21
 762.0000000   -1.5837934654e-07    9.7299866050e-22    7.1970754458e-06    1.6501736233e-21
 763.0000000   -7.2097617690e-08    6.2568539301e-22    5.5498958023e-06    1.1833367962e-21
 764.0000000    8.1954332108e-09    9.2228376478e-22    3.8440270847e-06    1.2819748531e-21
 765.0000000    8.0959045658e-08    6.4527600259e-22    2.1468586519e-06    9.3093038712e-22
 766.0000000    1.4469835954e-07    7.4127903685e-22    5.2037910046e-07    1.1050535216e-21
 767.0000000    1.9792948782e-07    6.6590543471e-22   -9.8094403115e-07    1.0339111422e-21
 768.0000000    2.3924696199e-07    6.6107482918e-22   -2.3117908582e-06    8.7821701011e-22
 769.0000000    2.6746517265e-07    3.1744429256e-22   -3.4370804009e-06    7.2465060627e-22
 770.0000000    2.8177685051e-07    1.7430488808e-22   -4.3325332575e-06    5.5827582764e-22
 771.0000000    2.8186149178e-07    1.1680694978e-24   -4.9847668754e-06    2.1718257062e-22
 772.0000000    2.6789263433e-07   -2.8684628393e-22   -5.3910129637e-06    1.8272855940e-22
 773.0000000    2.4043102541e-07   -6.8637694318e-22   -5.5585289066e-06    7.0352357332e-23
 774.0000000    2.0023584210e-07   -5.7523303020e-22   -5.5037223463e-06   -6.3666249979e-24
 775.0000000    1.4806081802e-07   -1.4133850950e-21   -5.2509584232e-06    1.6942460325e-23
 776.0000000    8.4514011627e-08   -1.0428243364e-21   -4.8310123385e-06   -3.0873557109e-22
 777.0000000    1.0046425758e-08   -1.0225874920e-21   -4.2791799901e-06   -3.7761320029e-22
 778.0000000   -7.4898948556e-08   -2.4864273732e-21   -3.6331446811e-06   -5.7196550522e-22
 779.0000000   -1.6959033266e-07   -2.8130037720e-21   -2.9307755380e-06   -7.1523011770e-22
 780.0000000   -2.7261965797e-07   -2.5469553451e-21   -2.2080666377e-06   -7.3420034182e-22
 781.0000000   -3.8151551169e-07   -2.4732668004e-21   -1.4974041988e-06   -6.1489730992e-22
 782.0000000   -4.9246217598e-07   -2.5816290762e-21   -8.2628864275e-07   -5.1910430199e-22
 783.0000000   -6.0021909129e-07   -2.5302566365e-21   -2.1656629918e-07   -7.2610948146e-23
 784.0000000   -6.9829802505e-07   -1.9377061278e-21    3.1583684618e-07   -5.8390873311e-22
 785.0000000   -7.7940057725e-07   -1.4647874230e-21    7.6073268373e-07   -5.8528844452e-22
 786.0000000   -8.3606110072e-07   -1.1068734806e-21    1.1131259353e-06   -4.2884952676e-22
 787.0000000   -8.6139570249e-07   -1.0238690565e-21    1.3724176746e-06   -3.8140457940e-22
 788.0000000   -8.4983813109e-07   -7.7783755226e-22    1.5414856372e-06   -3.2157454107e-22
 789.0000000   -7.9775092368e-07   -5.0441982663e-22    1.6257739179e-06   -4.4129762562e-24
 790.0000000   -7.0382994999e-07   -1.0982842116e-22    1.6325093407e-06   -4.1665467117e-22
 791.0000000   -5.6926231998e-07    5.0730486136e-22    1.5701244478e-06    2.2521012016e-22
 792.0000000   -3.9764090382e-07    7.3094412595e-22    1.4479115204e-06   -1.6358223627e-23
 793.0000000   -1.9467495370e-07    1.1053281715e-21    1.2758707084e-06    7.1686589967e-22
 794.0000000    3.2239822119e-08    2.2127566062e-21    1.0646652678e-06    7.1991370480e-23
 795.0000000    2.7451946680e-07    1.9286669178e-21    8.2557435998e-07    8.4147694310e-22
 796.0000000    5.2289196984e-07    2.1996315763e-21    5.7034604950e-07    8.4131215321e-22
 797.0000000    7.6785123141e-07    2.2822720894e-21    3.1089443248e-07    9.5445979814e-22
 798.0000000    1.0000412377e-06    2.9716964338e-21    5.8838727657e-08    1.1239138858e-21
 799.0000000    1.2105708846e-06    1.6466451810e-21   -1.7506993387e-07    8.7185967474e-22
 800.0000000    1.3912764295e-06    3.1149731632e-21   -3.8155813381e-07    1.4055058765e-21
 801.0000000    1.5349535945e-06    2.0093008717e-21   -5.5338933157e-07    1.0607557380e-21
 802.0000000    1.6355752207e-06    1.9384052732e-21   -6.8578894959e-07    1.2967380883e-21
 803.0000000    1.6884972543e-06    1.4511912475e-21   -7.7666525153e-07    7.7561107124e-22
 804.0000000    1.6906417952e-06    1.3825703452e-21   -8.2657979484e-07    1.2764333892e-21
 805.0000000    1.6406363304e-06    1.1533959277e-21   -8.3845712141e-07    6.6693052474e-22
 806.0000000    1.5388863568e-06    1.1298725751e-21   -8.1706822007e-07    1.1145192467e-21
 807.0000000    1.3875645325e-06    3.8362035715e-22   -7.6836546873e-07    1.5168989938e-21
 808.0000000    1.1905115930e-06   -8.1150133942e-23   -6.9877422612e-07    1.1231351728e-21
 809.0000000    9.5305923603e-07   -5.8768274465e-22   -6.1454833295e-07    1.1550720993e-22
 810.0000000    6.8179894832e-07    9.7295503964e-23   -5.2127463928e-07    1.0037486605e-21
 811.0000000    3.8432879100e-07   -8.9015943021e-22   -4.2357529326e-07   -1.0288535467e-21
 812.0000000    6.9008837407e-08   -6.1494739312e-22   -3.2501870065e-07   -1.1769439179e-21
 813.0000000   -2.5525591734e-07   -1.6170896299e-21   -2.2821842515e-07   -7.2042584592e-22
 814.0000000   -5.7920576791e-07   -2.1729469236e-21   -1.3507516181e-07   -9.1185676541e-22
 815.0000000   -8.9341032171e-07   -2.4246053159e-21   -4.7098165850e-08   -6.5844222994e-22
 816.0000000   -1.1884790051e-06   -1.5554097443e-21    3.4270117180e-08   -1.1256958785e-21
 817.0000000   -1.4553283930e-06   -1.6403241963e-21    1.0740449191e-07   -1.3133430929e-21
 818.0000000   -1.6855191077e-06   -1.5628333672e-21    1.7038578915e-07   -1.6984602915e-21
 819.0000000   -1.8716480256e-06   -1.3793007503e-21    2.2105783438e-07   -1.3685121623e-21
 820.0000000   -2.0077551274e-06   -1.4915613369e-21    2.5723718775e-07   -1.7741667046e-21
 821.0000000   -2.0896879860e-06   -1.6158448200e-21    2.7701651218e-07   -1.5599624689e-21
 822.0000000   -2.1153663914e-06   -1.2317975440e-21    2.7907530751e-07   -1.8200655351e-21
 823.0000000   -2.0849042374e-06   -1.0467679846e-21    2.6291085315e-07   -1.8204662007e-21
 824.0000000   -2.0005702588e-06   -7.1702826618e-22    2.2892798361e-07   -1.8785635218e-21
 825.0000000   -1.8665960639e-06   -5.7997073947e-22    1.7837013307e-07   -1.5993654274e-21
 826.0000000   -1.6888623660e-06   -3.3510831449e-22    1.1312188679e-07   -2.0939592531e-21
 827.0000000   -1.4745079219e-06   -2.2512237359e-22    3.5450735935e-08   -1.3152947221e-21
 828.0000000   -1.2315087383e-06    3.1412102982e-22   -5.2227702781e-08   -9.8064200323e-22
 829.0000000   -9.6826851513e-07    3.5995200564e-22   -1.4748520959e-07   -9.2732116546e-22
 830.0000000   -6.9324837923e-07    5.7264647520e-22   -2.4787246879e-07   -1.5025929697e-21
 831.0000000   -4.1464944763e-07    2.6636588973e-22   -3.5076729277e-07   -6.2355201020e-22
 832.0000000   -1.4015065880e-07    6.9528973350e-22   -4.5312806221e-07   -6.3182381632e-22
 833.0000000    1.2330051558e-07    1.0196245052e-21   -5.5123805293e-07   -1.0957752047e-21
 834.0000000    3.6964578772e-07    8.2104138144e-23   -6.4054186175e-07   -3.9015783049e-22
 835.0000000    5.9382009182e-07    6.0294317682e-22   -7.1566347388e-07   -1.7891658156e-22
 836.0000000    7.9179863117e-07    8.6499120799e-22   -7.7065791405e-07    3.0965958595e-22
 837.0000000    9.6058707916e-07    7.9661096505e-22   -7.9949366940e-07    7.9939251385e-24
 838.0000000    1.0981623888e-06    8.7405808493e-22   -7.9670445819e-07    1.3348465576e-21
 839.0000000    1.2033789245e-06    2.2999538828e-22   -7.5810168057e-07    9.7390662047e-22
 840.0000000    1.2758579918e-06    2.2431215664e-22   -6.8141545165e-07    2.3190844539e-21
 841.0000000    1.3158768959e-06    6.3659181785e-22   -5.6673970856e-07    2.4287856476e-21
 842.0000000    1.3242682448e-06    3.6863336310e-22   -4.1669475814e-07    1.9687334787e-21
 843.0000000    1.3023349103e-06    3.3221075896e-22   -2.3628001487e-07    3.2888038764e-21
 844.0000000    1.2517835250e-06    3.4712585938e-22   -3.2455091791e-08    3.2255778740e-21
 845.0000000    1.1746795059e-06    1.0299367979e-22    1.8645912587e-07    2.9158375086e-21
 846.0000000    1.0734270564e-06   -8.8364538288e-23    4.1144123377e-07    3.5930431676e-21
 847.0000000    9.5077542895e-07   -5.7465626559e-23    6.3338013238e-07    3.6064202290e-21
 848.0000000    8.0984696737e-07   -1.3852286424e-22    8.4355844015e-07    5.3020015443e-21
 849.0000000    6.5417442165e-07   -4.7952241721e-23    1.0339790323e-06    4.8667817574e-21
 850.0000000    4.8772811365e-07   -3.9127945185e-22    1.1975501846e-06    4.0516566561e-21
 851.0000000    3.1491095925e-07   -2.3075067526e-22    1.3281738502e-06    4.5112233410e-21
 852.0000000    1.4050254548e-07   -2.0261421558e-22    1.4207903329e-06    3.5003924766e-21
 853.0000000   -3.0458281656e-08   -1.2243666510e-22    1.4714241056e-06    3.8712634279e-21
 854.0000000   -1.9285195115e-07   -6.1260539762e-23    1.4772565208e-06    3.2741327297e-21
 855.0000000   -3.4170682947e-07   -1.6576469254e-22    1.4367286447e-06    2.3359774369e-21
 856.0000000   -4.7245860854e-07   -2.0902345169e-22    1.3496566214e-06    3.6141976655e-22
 857.0000000   -5.8121577668e-07   -1.7289407662e-22    1.2173272043e-06    2.8897094257e-21
 858.0000000   -6.6500413168e-07   -8.9626311840e-23    1.0425365121e-06    8.1229782388e-22
 859.0000000   -7.2196331294e-07   -1.4324118647e-22    8.2954327672e-07    1.2424073634e-22
 860.0000000   -7.5147072723e-07   -1.3861979947e-22    5.8392756482e-07   -1.3225378032e-21
 861.0000000   -7.5417354517e-07   -1.0506849756e-22    3.1237052256e-07   -2.5433210819e-21
 862.0000000   -7.3191875046e-07   -6.4945794989e-23    2.2390090029e-08   -2.8521365235e-21
 863.0000000   -6.8758449272e-07    1.4320564355e-23   -2.7792711790e-07   -4.1414332175e-21
 864.0000000   -6.2483206857e-07    3.3798082841e-24   -5.8016831221e-07   -4.2819085188e-21
 865.0000000   -5.4781325098e-07    3.9066916381e-23   -8.7580317148e-07   -3.5877892782e-21
 866.0000000   -4.6087757289e-07    3.1323003352e-23   -1.1563714217e-06   -3.9734913194e-21
 867.0000000   -3.6832398601e-07    6.7435515736e-23   -1.4136733557e-06   -5.1550218892e-21
 868.0000000   -2.7422901533e-07    2.6046218094e-23   -1.6399853330e-06   -4.7085543847e-21
 869.0000000   -1.8236069601e-07    5.1096982077e-24   -1.8283099074e-06   -5.2077675779e-21
 870.0000000   -9.6160749494e-08   -5.8801313222e-24   -1.9726540988e-06   -4.7191041687e-21
 871.0000000   -1.8755477534e-08    3.0750479661e-23   -2.0683153469e-06   -5.6506646348e-21
 872.0000000    4.7052774489e-08    3.3293413810e-23   -2.1121457235e-06   -3.7470926319e-21
 873.0000000    9.8852566505e-08    5.8469310066e-23   -2.1027618197e-06   -3.4272516159e-21
 874.0000000    1.3476294803e-07    4.9139294368e-23   -2.0406698445e-06   -3.7044249757e-21
 875.0000000    1.5362766936e-07    5.1423734575e-23   -1.9282828475e-06   -1.9154077942e-21
 876.0000000    1.5521775296e-07    3.7459003286e-23   -1.7698191478e-06   -1.6553176527e-21
 877.0000000    1.4038184657e-07    1.1565180498e-23   -1.5710861273e-06   -1.5527181762e-21
 878.0000000    1.1108866910e-07    4.7465949994e-24   -1.3391683375e-06    1.2787713458e-21
 879.0000000    7.0328113481e-08   -6.9559104050e-24   -1.0820497825e-06    2.0288494760e-21
 880.0000000    2.1870193209e-08    7.9148623431e-24   -8.0820513176e-07    1.4058701914e-21
 881.0000000   -3.0085799234e-08   -3.8522766440e-23   -5.2619359108e-07    1.5142591244e-21
 882.0000000   -8.1314746197e-08    1.2004266789e-23   -2.4428396695e-07    2.0650547837e-21
 883.0000000   -1.2795391080e-07   -2.3586360464e-23    2.9867448457e-08    2.7219799773e-21
 884.0000000   -1.6681340262e-07   -2.3468119681e-23    2.8947138822e-07    2.7833367454e-21
 885.0000000   -1.9556572053e-07    3.4504902212e-24    5.2878353202e-07    3.3989077552e-21
 886.0000000   -2.1279956094e-07   -2.3762863359e-23    7.4320137260e-07    3.3804803684e-21
 887.0000000   -2.1795348725e-07   -1.8015412130e-23    9.2927964435e-07    3.5510831385e-21
 888.0000000   -2.1117001712e-07   -3.7392764214e-24    1.0846686025e-06    3.0935456310e-21
 889.0000000   -1.9312369496e-07   -1.8359936086e-23    1.2079861761e-06    2.8572757062e-21
 890.0000000   -1.6487430817e-07   -2.2914882062e-23    1.2986434774e-06    2.7331388376e-21
 891.0000000   -1.2777942527e-07   -2.1441668544e-23    1.3566516623e-06    2.1541834947e-21
 892.0000000   -8.3474243577e-08   -4.2028489546e-23    1.3824431369e-06    1.3533353368e-21
 893.0000000   -3.3899387641e-08   -4.1726071830e-23    1.3767382342e-06    1.6738193565e-21
 894.0000000    1.8662594427e-08   -1.9177158119e-23    1.3404790390e-06    7.2068635935e-22
 895.0000000    7.1587764378e-08   -1.5780903663e-23    1.2748370267e-06    5.7850378635e-22
 896.0000000    1.2198519662e-07   -4.5148289276e-23    1.1812853160e-06    4.0660289192e-22
 897.0000000    1.6686084463e-07    2.2901957365e-23    1.0617137412e-06   -3.5877181924e-22
 898.0000000    2.0335904814e-07    2.0131124456e-23    9.1855806267e-07   -2.9505790944e-22
 899.0000000    2.2904437935e-07   -2.1911400503e-24    7.5491327759e-07   -9.3904225012e-22
 900.0000000    2.4217037493e-07    6.9723187118e-24    5.7460392465e-07   -1.3803721875e-21
 901.0000000    2.4187945661e-07    2.0451868989e-23    3.8219022695e-07   -9.9911624210e-22
 902.0000000    2.2829085913e-07    2.3928057143e-23    1.8289761129e-07   -1.0748937410e-21
 903.0000000    2.0245706023e-07    2.0536333904e-23   -1.7532171096e-08   -1.3232030212e-21
 904.0000000    1.6619754617e-07    5.1108089239e-23   -2.1305859501e-07   -1.2175613941e-21
 905.0000000    1.2184405214e-07    1.1309614808e-23   -3.9760922726e-07   -1.1104770477e-21
 906.0000000    7.1947401317e-08    5.8294321784e-23   -5.6537080442e-07   -1.0361891201e-21
 907.0000000    1.8999466008e-08    5.3412421363e-23   -7.1107873608e-07   -9.2531783741e-22
 908.0000000   -3.4784843358e-08    4.0064440462e-23   -8.3028220834e-07   -8.5044829846e-22
 909.0000000   -8.7597824176e-08    3.5302330147e-23   -9.1956674815e-07   -7.0522397878e-22
 910.0000000   -1.3807444119e-07   -8.4291239227e-24   -9.7672047016e-07   -5.9060816905e-22
 911.0000000   -1.8524528473e-07    2.2695212699e-23   -1.0008340303e-06   -4.0547440431e-22
 912.0000000   -2.2843345582e-07    6.3311780064e-23   -9.9232849421e-07   -3.5450182244e-22
 913.0000000   -2.6712858694e-07    2.9503448342e-23   -9.5291088758e-07   -1.4673247026e-22
 914.0000000   -3.0087020735e-07   -2.5890490640e-23   -8.8546414361e-07   -5.2495272742e-23
 915.0000000   -3.2916499481e-07   -3.2942831402e-24   -7.9388474143e-07    9.8549199580e-23
 916.0000000   -3.5145058658e-07   -6.5023242197e-23   -6.8288554578e-07    1.8249833823e-22
 917.0000000   -3.6710578150e-07   -8.3951158135e-23   -5.5778137980e-07    1.3475450725e-22
 918.0000000   -3.7549631698e-07   -9.2836079578e-23   -4.2427077074e-07    3.2499958579e-22
 919.0000000   -3.7603945693e-07   -1.1892559036e-22   -2.8822077108e-07    2.8330774421e-22
 920.0000000   -3.6827005895e-07   -1.2697848443e-22   -1.5545524061e-07    3.3067272001e-22
 921.0000000   -3.5189489303e-07   -1.5720763432e-22   -3.1542812603e-08    2.9547291338e-22
 922.0000000   -3.2682857948e-07   -1.5090704644e-22    7.8419510932e-08    3.3016502175e-22
 923.0000000   -2.9321122176e-07   -1.5669327176e-22    1.7002747527e-07    3.2973689116e-22
 924.0000000   -2.5141256403e-07   -1.3377334099e-22    2.3978870492e-07    3.2310288649e-22
 925.0000000   -2.0202929540e-07   -1.4669117182e-22    2.8532482192e-07    2.7373135148e-22
 926.0000000   -1.4588106129e-07   -1.3352332888e-22    3.0553413408e-07    1.4040502325e-22
 927.0000000   -8.4007759371e-08   -7.7970658462e-23    3.0068892172e-07    1.8170508495e-22
 928.0000000   -1.7667144973e-08   -6.1177841896e-23    2.7244351561e-07    1.1395301511e-22
 929.0000000    5.1671128905e-08   -3.4620820589e-23    2.2373815402e-07   -1.2431942995e-23
 930.0000000    1.2234024947e-07   -5.7315982801e-23    1.5859760960e-07   -6.7352212025e-23
 931.0000000    1.9250437172e-07    5.5187648700e-23    8.1839890684e-08   -1.0606329534e-22
 932.0000000    2.6020252127e-07    5.0507292773e-23   -1.2749270950e-09   -2.2003004294e-22
 933.0000000    3.2340735564e-07    1.0905293933e-22   -8.5416182727e-08   -1.2133867169e-22
 934.0000000    3.8009459140e-07    2.4180967212e-22   -1.6553277670e-07   -3.0235066976e-22
 935.0000000    4.2831639678e-07    1.7678536969e-22   -2.3714610628e-07   -2.8910406695e-22
 936.0000000    4.6627132368e-07    1.6307691091e-22   -2.9656211802e-07   -4.1253532788e-22
 937.0000000    4.9236453179e-07    2.5071566916e-22   -3.4099455684e-07   -3.3468220338e-22
 938.0000000    5.0525497062e-07    3.1750747716e-22   -3.6860727859e-07   -3.7034072316e-22
 939.0000000    5.0389007828e-07    2.4887907752e-22   -3.7849553618e-07   -2.9357409363e-22
 940.0000000    4.8753206683e-07    2.4380875925e-22   -3.7063154804e-07   -2.5863146828e-22
 941.0000000    4.5578200020e-07    2.1775792158e-22   -3.4579739661e-07   -2.7192512506e-22
 942.0000000    4.0860747008e-07    2.3000033601e-22   -3.0551943911e-07   -8.0654552589e-23
 943.0000000    3.4637680794e-07    2.3954068096e-22   -2.5200640485e-07   -1.2763946151e-23
 944.0000000    2.6989799237e-07    1.4357086721e-22   -1.8808211801e-07    1.1023151015e-23
 945.0000000    1.8045521233e-07    1.1709987592e-22   -1.1709739943e-07    1.2228944472e-22
 946.0000000    7.9832140100e-08    1.1855304606e-22   -4.2805617130e-08    9.8591204846e-24
 947.0000000   -2.9690159536e-08    3.7610817990e-23    3.0807455239e-08    1.2730422718e-22
 948.0000000   -1.4537052570e-07   -2.5172867030e-24    9.9738437569e-08    2.4670580990e-22
 949.0000000   -2.6408473868e-07   -1.1587351907e-22    1.6021297110e-07    2.9521785256e-22
 950.0000000   -3.8243985875e-07   -1.6006499580e-22    2.0894076005e-07    3.5553337483e-22
 951.0000000   -4.9691645782e-07   -2.1054777078e-22    2.4334859890e-07    3.8330531766e-22
 952.0000000   -6.0402423329e-07   -3.3512081004e-22    2.6175938105e-07    4.4642469139e-22
 953.0000000   -7.0045441917e-07   -2.4149183059e-22    2.6349002522e-07    4.5183408101e-22
 954.0000000   -7.8321369793e-07   -3.4376393615e-22    2.4885249182e-07    3.7162522853e-22
 955.0000000   -8.4972867856e-07   -3.1701376383e-22    2.1905788922e-07    5.6094174836e-22
 956.0000000   -8.9791607119e-07   -3.2055764572e-22    1.7604055236e-07    3.5564241434e-22
 957.0000000   -9.2622015618e-07   -2.4078769335e-22    1.2223284035e-07    5.0581710756e-22
 958.0000000   -9.3362424003e-07   -2.8048672713e-22    6.0328568955e-08    4.8204313704e-22
 959.0000000   -9.1964543604e-07   -2.5851284884e-22   -6.9282252140e-09    2.8336711704e-22
 960.0000000   -8.8432177516e-07   -1.5584776433e-22   -7.6901795253e-08    2.5646355229e-22
 961.0000000   -8.2819771356e-07   -2.5945839645e-22   -1.4715771718e-07    1.9353562563e-22
 962.0000000   -7.5230969854e-07   -9.8574291668e-23   -2.1549391022e-07    1.6369613517e-22
 963.0000000   -6.5816916936e-07   -1.0881595289e-22   -2.7992666920e-07    2.2970983325e-22
 964.0000000   -5.4773759232e-07   -5.2037253789e-23   -3.3865665826e-07    1.0428130273e-22
 965.0000000   -4.2338774988e-07    2.8480478764e-23   -3.9004014970e-07   -2.7116822249e-23
 966.0000000   -2.8784745115e-07    9.9765534744e-23   -4.3258444092e-07   -1.2720809975e-22
 967.0000000   -1.4412540552e-07    8.1433164613e-23   -4.6497508663e-07   -1.5681211839e-22
 968.0000000    4.5769643324e-09    1.2616099734e-22   -4.8613040546e-07   -3.0663924581e-22
 969.0000000    1.5496068396e-07    2.2798206379e-22   -4.9526876025e-07   -3.6154820573e-22
 970.0000000    3.0372250021e-07    1.7252006820e-22   -4.9196934433e-07   -4.3326573419e-22
 971.0000000    4.4763765988e-07    2.6598006733e-22   -4.7620851595e-07   -5.1507179650e-22
 972.0000000    5.8362560511e-07    3.5304877536e-22   -4.4836049094e-07   -6.2223611448e-22
 973.0000000    7.0879547990e-07    3.7840486323e-22   -4.0916131899e-07   -6.7709620289e-22
 974.0000000    8.2047241531e-07    2.1312047969e-22   -3.5964532615e-07   -7.5671516412e-22
 975.0000000    9.1620930079e-07    2.7608354537e-22   -3.0107077900e-07   -6.6724339329e-22
 976.0000000    9.9379149920e-07    2.3707408330e-22   -2.3485371526e-07   -8.8037301114e-22
 977.0000000    1.0512430113e-06    4.2099454211e-22   -1.6252503230e-07   -9.3995424905e-22
 978.0000000    1.0868419306e-06    2.5790829109e-22   -8.5717071255e-08   -8.6487549156e-22
 979.0000000    1.0991507247e-06    2.6813394790e-22   -6.1749616597e-09   -8.8519311536e-22
 980.0000000    1.0870635810e-06    2.5731718814e-22    7.4221591976e-08   -7.8669076780e-22
 981.0000000    1.0498693171e-06    2.3941224178e-22    1.5344508997e-07   -8.1797984383e-22
 982.0000000    9.8732475678e-07    2.0644174345e-24    2.2933324331e-07   -6.3830878308e-22
 983.0000000    8.9973073624e-07    7.0714652747e-23    2.9963863981e-07   -6.6421149160e-22
 984.0000000    7.8800122989e-07    2.6486945215e-23    3.6211508413e-07   -3.9223305216e-22
 985.0000000    6.5371588880e-07   -1.2489043903e-23    4.1462994418e-07   -3.4817760661e-22
 986.0000000    4.9914750849e-07   -9.0300163136e-23    4.5528407095e-07   -2.3859071573e-22
 987.0000000    3.2725836657e-07   -7.5049878873e-23    4.8251798763e-07   -1.4744979095e-22
 988.0000000    1.4166257467e-07   -1.3232188741e-22    4.9518585063e-07   -5.5824593928e-23
 989.0000000   -5.3445116162e-08   -1.7321769892e-22    4.9258624065e-07    2.3237959099e-22
 990.0000000   -2.5339071641e-07   -2.5493500492e-22    4.7444939511e-07    3.3746182104e-22
 991.0000000   -4.5314732125e-07   -1.4063059961e-22    4.4089088454e-07    3.7548587593e-22
 992.0000000   -6.4747998277e-07   -1.6543894979e-22    3.9234944987e-07    5.8094211123e-22
 993.0000000   -8.3110264075e-07   -4.2793853756e-22    3.2952933761e-07    7.0136272553e-22
 994.0000000   -9.9884096204e-07   -3.2497615978e-22    2.5336448347e-07    7.0137484244e-22
 995.0000000   -1.1457955910e-06   -4.5116280456e-22    1.6501417325e-07    8.0361646641e-22
 996.0000000   -1.2675009435e-06   -4.3893563723e-22    6.5889637580e-08    1.0218281660e-21
 997.0000000   -1.3600752434e-06   -3.8000830821e-22   -4.2298853297e-08    1.1116580419e-21
 998.0000000   -1.4203578340e-06   -4.6911419905e-22   -1.5749180923e-07    1.1297501944e-21
 999.0000000   -1.4460300871e-06   -5.0430542287e-22   -2.7724721657e-07    1.1475523490e-21
1000.0000000   -1.4357162244e-06   -2.2233987816e-22   -3.9874166907e-07    1.0385809968e-21
