#       time         integral Re         integral Im         integral Re         integral Im
#       r =            50.000000           50.000000          100.000000          100.000000
   0.0000000   -3.6205296062e-05    3.0345312646e-16   -2.3206420491e-06    2.3831387519e-10
   1.0000000   -3.6179114242e-05   -3.9832139858e-18   -2.3196222390e-06    1.2715251706e-09
   2.0000000   -3.6149967062e-05    1.8809462641e-16   -2.3186684222e-06    8.7066762935e-10
   3.0000000   -3.6117844376e-05    1.4682818077e-18   -2.3180136879e-06    2.9832137007e-10
   4.0000000   -3.6082338118e-05   -1.0109343423e-18   -2.3178619380e-06   -7.0030769278e-11
   5.0000000   -3.6042520506e-05    1.1894891229e-16   -2.3178808341e-06   -6.7092690108e-11
   6.0000000   -3.5997874663e-05    3.0017198196e-16   -2.3173508464e-06    1.1580061977e-10
   7.0000000   -3.5948063472e-05   -1.3880784625e-16   -2.3159296129e-06    2.2343331248e-10
   8.0000000   -3.5892392226e-05   -2.9670341220e-16   -2.3141701738e-06    1.7939576744e-10
   9.0000000   -3.5829840401e-05   -3.1904325164e-16   -2.3130571380e-06    7.4345178054e-11
  10.0000000   -3.5759277711e-05    8.2332499536e-17   -2.3129315123e-06    1.1641222104e-11
  11.0000000   -3.5679569498e-05    6.1521865301e-16   -2.3131515628e-06    9.3743442222e-13
  12.0000000   -3.5589475437e-05    8.8864577087e-16   -2.3128438933e-06   -1.4714097561e-11
  13.0000000   -3.5487447116e-05   -3.1479529157e-15   -2.3117344713e-06   -6.8726628889e-11
  14.0000000   -3.5371470891e-05   -1.1036481926e-14   -2.3102110820e-06   -1.3501953501e-10
  15.0000000   -3.5238999145e-05    4.3540180997e-15   -2.3088001741e-06   -1.6947358258e-10
  16.0000000   -3.5087115586e-05    5.6026742197e-14   -2.3077139306e-06   -1.5907328284e-10
  17.0000000   -3.4912815214e-05    4.4885786727e-14   -2.3068121956e-06   -1.2296056490e-10
  18.0000000   -3.4712663629e-05   -9.6532036884e-14   -2.3058462717e-06   -8.1047414500e-11
  19.0000000   -3.4485325328e-05   -1.6639574904e-13   -2.3046766519e-06   -3.6495520711e-11
  20.0000000   -3.4218121217e-05    6.2343954743e-14   -2.3033032556e-06    1.3234950331e-11
  21.0000000   -3.3890936062e-05    3.3403802796e-13   -2.3017725704e-06    6.0270758285e-11
  22.0000000   -3.3534669661e-05    1.3551700471e-13   -2.3001077824e-06    8.7122681555e-11
  23.0000000   -3.3219464361e-05   -4.2739394610e-13   -2.2983180648e-06    8.0830346229e-11
  24.0000000   -3.2680974351e-05   -4.8054465665e-13   -2.2964280296e-06    4.4900598257e-11
  25.0000000   -3.1378651912e-05    4.5776650710e-13   -2.2944641905e-06   -1.0471505954e-13
  26.0000000   -3.1079319624e-05    1.4649720772e-12   -2.2924165530e-06   -2.7655101311e-11
  27.0000000   -3.5923861854e-05    9.9434965748e-13   -2.2902332980e-06   -2.2019931037e-11
  28.0000000   -4.0312137761e-05   -1.2096599991e-12   -2.2878578307e-06    1.0360917396e-11
  29.0000000   -2.3400447154e-05   -3.3778533937e-12   -2.2852617945e-06    4.4570610814e-11
  30.0000000    1.5303362442e-05   -3.2009592180e-12   -2.2824415874e-06    5.5094099664e-11
  31.0000000    2.3551201750e-05   -9.2353584921e-14   -2.2793969496e-06    3.5198201956e-11
  32.0000000   -4.3005942107e-05    3.9656713236e-12   -2.2761222995e-06    2.0818309257e-12
  33.0000000   -1.3056769694e-04    5.7848146982e-12   -2.2726096185e-06   -1.7820188196e-11
  34.0000000   -1.2870582103e-04    3.5610637718e-12   -2.2688437053e-06   -1.1525543337e-11
  35.0000000   -5.7913140064e-06   -1.3763653727e-12   -2.2647901411e-06    1.0636364183e-11
  36.0000000    1.4249296255e-04   -5.4055205860e-12   -2.2603948209e-06    2.7030953249e-11
  37.0000000    1.7040294180e-04   -5.6244196079e-12   -2.2556006143e-06    2.5420386749e-11
  38.0000000    2.1863251805e-05   -2.4166635132e-12   -2.2503632968e-06    1.1453625769e-11
  39.0000000   -1.5352556575e-04    1.0735636060e-12   -2.2446499206e-06   -7.7342106960e-13
  40.0000000   -1.2494736258e-04    2.0938989159e-12   -2.2384254025e-06   -2.6591228368e-12
  41.0000000    8.3191498182e-05    6.9311406119e-13   -2.2316461399e-06    5.0230321939e-12
  42.0000000    1.9343617537e-04   -1.0286563496e-12   -2.2242644393e-06    1.8180067345e-11
  43.0000000    1.1161199113e-04   -1.4707743554e-12   -2.2162196397e-06    3.4653469877e-11
  44.0000000    5.0927916133e-05   -7.5525983875e-13   -2.2073947986e-06    5.2124683850e-11
  45.0000000    1.4501423530e-04    1.3267764403e-14   -2.1976018536e-06    6.3372726575e-11
  46.0000000    2.5469017981e-04    5.1715577138e-14   -2.1867718796e-06    6.1533651506e-11
  47.0000000    2.1971882188e-04   -5.6420757239e-13   -2.1753165733e-06    6.2079005649e-11
  48.0000000    7.3307328898e-05   -1.4340446315e-12   -2.1638146651e-06    1.0382169338e-10
  49.0000000   -2.4753890254e-05   -2.2894363323e-12   -2.1510352110e-06    1.5305948400e-10
  50.0000000    4.9108522947e-05   -2.8263059331e-12   -2.1323596079e-06   -3.8322136944e-12
  51.0000000    2.7200123862e-04   -2.5785581219e-12   -2.1048646207e-06   -4.9989427883e-10
  52.0000000    4.7140598269e-04   -1.4119801056e-12   -2.0801212389e-06   -6.7909426293e-10
  53.0000000    4.6117446943e-04   -1.2547244740e-13   -2.0860840958e-06    1.1618268291e-09
  54.0000000    2.2130817979e-04   -2.9701680209e-14   -2.1296474940e-06    6.5512886311e-09
  55.0000000   -7.2604185079e-05   -1.4644162388e-12   -2.1329531914e-06    1.3307345942e-08
  56.0000000   -2.2934841054e-04   -3.0832093549e-12   -1.9394906310e-06    7.7067573639e-09
  57.0000000   -2.3368667606e-04   -3.2484926925e-12   -1.5056022520e-06   -4.0528173685e-08
  58.0000000   -2.2091674617e-04   -2.0361664027e-12   -1.2280516465e-06   -1.4266983065e-07
  59.0000000   -2.8894523258e-04   -1.2044144853e-12   -2.0218434904e-06   -1.8396020109e-07
  60.0000000   -3.9682991545e-04   -1.8057472633e-12   -4.5317462122e-06    1.3792609092e-07
  61.0000000   -4.4506017050e-04   -2.5898376631e-12   -7.3625641796e-06    1.0400750571e-06
  62.0000000   -4.0170024092e-04   -2.4580239556e-12   -5.9508115212e-06    2.0031334499e-06
  63.0000000   -3.2773084512e-04   -4.1836222890e-12    4.6348533165e-06    1.4766758305e-06
  64.0000000   -2.9956222107e-04   -1.0531563317e-11    2.1947456981e-05   -1.9706965430e-06
  65.0000000   -3.2644923469e-04   -1.2073315240e-11    3.0273349400e-05   -7.2663759936e-06
  66.0000000   -3.5161502909e-04    1.1823360237e-11    8.7605594239e-06   -9.6998091700e-06
  67.0000000   -3.2816177767e-04    5.7132848527e-11   -4.4480731686e-05   -3.8362002360e-06
  68.0000000   -2.6532365382e-04    5.7026134583e-11   -9.3744667976e-05    1.0323002219e-05
  69.0000000   -1.9488701009e-04   -7.0178258650e-11   -8.3036256567e-05    2.3615578896e-05
  70.0000000   -1.3111621322e-04   -2.6438081309e-10    1.0057188831e-05    2.2434416976e-05
  71.0000000   -7.3514373739e-05   -2.3933373379e-10    1.3208303352e-04    8.8769498540e-07
  72.0000000   -1.6773724282e-05    2.5777566755e-10    1.8026912462e-04   -2.9721912739e-05
  73.0000000    4.6494154472e-05    9.2734400102e-10    9.3617916505e-05   -4.5442823855e-05
  74.0000000    1.1723810002e-04    8.2334038705e-10   -7.5490411800e-05   -2.8378794279e-05
  75.0000000    1.8493502261e-04   -7.2002729152e-10   -1.9429186121e-04    1.5229965934e-05
  76.0000000    2.3057497707e-04   -2.7508114074e-09   -1.6971915877e-04    5.5206549359e-05
  77.0000000    2.3390030199e-04   -2.7136084680e-09   -3.5467213794e-05    5.9028129411e-05
  78.0000000    1.8574543966e-04    1.1171589097e-09    8.8638481658e-05    1.8673789641e-05
  79.0000000    9.7040105321e-05    6.5250844095e-09    1.1980597887e-04   -3.9732866645e-05
  80.0000000   -9.7917592457e-07    7.5375953402e-09    8.0154196839e-05   -7.3451670091e-05
  81.0000000   -6.5469180390e-05   -1.2753619569e-10    4.1537278559e-05   -5.5736770566e-05
  82.0000000   -6.6226431644e-05   -1.2456616667e-08    2.8543898131e-05    2.3464706193e-06
  83.0000000   -1.2389733045e-05   -1.7443369222e-08    3.2645705283e-06    5.9246371078e-05
  84.0000000    5.0929941699e-05   -5.5214551925e-09   -5.8571616691e-05    7.4072114364e-05
  85.0000000    7.7941476600e-05    1.8049606812e-08   -1.0997560985e-04    3.6960753344e-05
  86.0000000    5.5077460028e-05    3.2857305914e-08   -7.6835981171e-05   -2.4471489189e-05
  87.0000000    5.7888128987e-06    2.0039309536e-08    4.5245234328e-05   -6.6265891110e-05
  88.0000000   -3.0569556614e-05   -1.6939982563e-08    1.6259463460e-04   -6.0146094823e-05
  89.0000000   -2.8441628858e-05   -4.8940497288e-08    1.6954372594e-04   -1.2920167148e-05
  90.0000000    5.9034402332e-06   -4.3765185442e-08    6.0380385418e-05    4.0226063383e-05
  91.0000000    4.0972750833e-05    2.3697446931e-09   -5.7168383527e-05    6.2372306008e-05
  92.0000000    4.6060747233e-05    5.5070788538e-08   -6.5069610429e-05    4.0847296124e-05
  93.0000000    1.5070346297e-05    6.7889013789e-08    5.2449254621e-05   -6.1268981939e-06
  94.0000000   -3.0952547644e-05    2.4224935407e-08    1.9912339597e-04   -4.5059694846e-05
  95.0000000   -6.1356549798e-05   -4.3656661798e-08    2.6096656635e-04   -5.1435277352e-05
  96.0000000   -5.7323954983e-05   -7.9240300976e-08    2.0577556099e-04   -2.4513234315e-05
  97.0000000   -2.3547492463e-05   -5.0774988218e-08    9.8101566857e-05    1.5557933132e-05
  98.0000000    1.6503989541e-05    1.9261204474e-08    3.1786614308e-05    4.2960566941e-05
  99.0000000    3.9395408387e-05    7.2446903475e-08    5.3530974837e-05    4.2197684960e-05
 100.0000000    3.7900884940e-05    6.5210001617e-08    1.4066919298e-04    1.5903181101e-05
 101.0000000    1.9833311488e-05    6.3888566206e-09    2.3472861305e-04   -1.8400032292e-05
 102.0000000   -2.8015212310e-06   -5.2302433328e-08    2.8805803094e-04   -3.9781900353e-05
 103.0000000   -2.0011225597e-05   -6.3216654190e-08    2.8575271604e-04   -3.6653025300e-05
 104.0000000   -2.5762230141e-05   -2.3401120181e-08    2.3791252365e-04   -1.2995286215e-05
 105.0000000   -2.0143563211e-05    2.7277584818e-08    1.6100319001e-04    1.5563027371e-05
 106.0000000   -9.1481715376e-06    4.5772031535e-08    6.6506069046e-05    3.2519956010e-05
 107.0000000   -3.6978290929e-07    2.3927256089e-08   -3.8930293643e-05    3.0361553511e-05
 108.0000000    2.2800207853e-06   -9.8141664216e-09   -1.4800624869e-04    1.3349795113e-05
 109.0000000    3.3819720061e-07   -2.2480514714e-08   -2.4915138821e-04   -7.1643337788e-06
 110.0000000   -2.8403943320e-06   -8.0640345481e-09   -3.2802304578e-04   -2.0444782434e-05
 111.0000000   -5.7847486350e-06    1.1450090064e-08   -3.7332282501e-04   -2.1863152377e-05
 112.0000000   -7.7531764818e-06    1.2386496796e-08   -3.8334552561e-04   -1.3660812706e-05
 113.0000000   -7.7035748909e-06   -6.3192715276e-09   -3.6838912619e-04   -1.9166633898e-06
 114.0000000   -6.4172933293e-06   -2.4392409395e-08   -3.4567547905e-04    7.4949065974e-06
 115.0000000   -5.8147127599e-06   -2.2413827326e-08   -3.2860552991e-04    1.1522927309e-05
 116.0000000   -5.7755398755e-06   -5.3976608128e-10   -3.1801127885e-04    1.0332820203e-05
 117.0000000   -5.1716842084e-06    2.3496127996e-08   -3.0332552823e-04    6.1322382090e-06
 118.0000000   -4.4831002461e-06    3.1712324584e-08   -2.7360926612e-04    1.5423887743e-06
 119.0000000   -4.3907983463e-06    2.0094424768e-08   -2.2855220775e-04   -1.6858569727e-06
 120.0000000   -4.2656412135e-06   -1.5293544467e-09   -1.7848862918e-04   -3.2091254718e-06
 121.0000000   -3.8943080453e-06   -1.9522574516e-08   -1.3291928427e-04   -3.7409171629e-06
 122.0000000   -4.1466968776e-06   -2.5319409203e-08   -8.9136327853e-05   -4.0792763160e-06
 123.0000000   -5.3071234882e-06   -1.7932962666e-08   -3.3487026976e-05   -4.2633191506e-06
 124.0000000   -6.6136030888e-06   -2.5849663157e-09    4.4229929477e-05   -3.5925195080e-06
 125.0000000   -7.1972289456e-06    1.1521657733e-08    1.3609599021e-04   -1.4945676841e-06
 126.0000000   -6.6058230990e-06    1.5293222164e-08    2.1546724681e-04    1.6165868275e-06
 127.0000000   -5.0411228002e-06    6.5611127845e-09    2.5278953296e-04    4.3893506377e-06
 128.0000000   -3.3446606961e-06   -5.5206904640e-09    2.3581177148e-04    5.4900739029e-06
 129.0000000   -2.3558694742e-06   -6.2641731520e-09    1.7823987758e-04    4.5543162093e-06
 130.0000000   -2.3476765903e-06    9.5697586755e-09    1.1039019567e-04    2.2799626995e-06
 131.0000000   -3.1569352047e-06    2.7712172394e-08    5.9689683991e-05   -2.7894454054e-07
 132.0000000   -4.5506187811e-06    2.3715660129e-08    3.5937085520e-05   -2.4195839167e-06
 133.0000000   -6.1891632697e-06   -1.2052605523e-08    3.1009014411e-05   -3.8759076170e-06
 134.0000000   -7.3443029923e-06   -5.7391985850e-08    3.0514549919e-05   -4.4417030195e-06
 135.0000000   -7.1144801429e-06   -7.0846818942e-08    2.6275993230e-05   -3.7735393092e-06
 136.0000000   -5.1850565442e-06   -2.8301995683e-08    2.0025392732e-05   -1.7128426053e-06
 137.0000000   -2.3179832494e-06    4.9010285409e-08    1.7738628781e-05    1.2197849068e-06
 138.0000000   -1.2550385495e-07    1.0470448985e-07    2.1854325020e-05    3.7959193453e-06
 139.0000000   -2.0052453833e-07    9.1385149698e-08    2.8739754898e-05    4.7374696447e-06
 140.0000000   -2.8901815211e-06    1.1650987709e-08    3.2453386993e-05    3.5878324868e-06
 141.0000000   -6.6561342554e-06   -8.0466800193e-08    2.9955472029e-05    1.0527396558e-06
 142.0000000   -8.9168582886e-06   -1.2000280444e-07    2.2681107111e-05   -1.5005176330e-06
 143.0000000   -7.8748093444e-06   -8.0223725322e-08    1.3910234431e-05   -2.9629267295e-06
 144.0000000   -3.9062471122e-06    8.6643845275e-09    5.5226514299e-06   -3.0595560205e-06
 145.0000000    4.9480185927e-07    8.3999628075e-08   -2.3766958685e-06   -2.1975874067e-06
 146.0000000    2.2954041579e-06    9.7285295330e-08   -9.1265964922e-06   -9.0663625287e-07
 147.0000000    9.2159652876e-08    4.7467919277e-08   -1.1819628249e-05    5.0335040796e-07
 148.0000000   -4.7429663775e-06   -2.2286489898e-08   -7.0133209000e-06    1.8102681884e-06
 149.0000000   -8.9589899246e-06   -6.0154541206e-08    5.2210618031e-06    2.6116535511e-06
 150.0000000   -9.7082330265e-06   -4.5754334288e-08    1.9118520619e-05    2.4073038481e-06
 151.0000000   -6.4773123602e-06   -3.1024206135e-09    2.6075974682e-05    1.0636926851e-06
 152.0000000   -1.3454729336e-06    2.4086789784e-08    2.1066516904e-05   -8.4126300457e-07
 153.0000000    2.4730291199e-06    1.3077432224e-08    7.2647230498e-06   -2.2678274724e-06
 154.0000000    2.7042388625e-06   -1.8146321840e-08   -5.6003543350e-06   -2.4387690661e-06
 155.0000000   -6.2265830348e-07   -3.0474417287e-08   -8.4554233459e-06   -1.4007737015e-06
 156.0000000   -5.2512789675e-06   -4.0254895881e-09    1.3461831583e-08    8.1185520058e-08
 157.0000000   -8.1733102456e-06    3.9855751221e-08    1.2236982850e-05    1.1558617418e-06
 158.0000000   -7.6263425076e-06    5.7543437504e-08    1.7646795956e-05    1.4402173004e-06
 159.0000000   -4.1952657335e-06    2.5972946100e-08    1.0898545386e-05    1.0725218905e-06
 160.0000000   -2.6814085682e-07   -3.2364871531e-08   -3.9939158089e-06    3.9766629557e-07
 161.0000000    1.5953036085e-06   -6.7681124589e-08   -1.6652987099e-05   -2.8893659653e-07
 162.0000000    2.6684250645e-07   -4.7863861560e-08   -1.7995830158e-05   -7.4913394276e-07
 163.0000000   -3.2844510946e-06    1.1708186513e-08   -6.8030936099e-06   -7.6033154074e-07
 164.0000000   -6.6533596610e-06    6.0746435130e-08    9.4561008037e-06   -2.5117510012e-07
 165.0000000   -7.5653199831e-06    5.7561299977e-08    1.9909730740e-05    4.9788213882e-07
 166.0000000   -5.3220185094e-06    4.7098442550e-09    1.7790707066e-05    9.2266602255e-07
 167.0000000   -1.2449803512e-06   -5.4144397271e-08    4.9139496446e-06    6.0365631559e-07
 168.0000000    2.1455154911e-06   -7.1701155192e-08   -9.8573445524e-06   -3.0729726024e-07
 169.0000000    2.7662906051e-06   -3.4889712042e-08   -1.6892869755e-05   -1.1295815614e-06
 170.0000000    3.4842844015e-07    2.7912787019e-08   -1.2299401891e-05   -1.2037301504e-06
 171.0000000   -3.4650015146e-06    7.2414100735e-08   -1.3326048903e-07   -4.5943156105e-07
 172.0000000   -6.3372889438e-06    7.2042609646e-08    1.0951732092e-05    5.3393809322e-07
 173.0000000   -6.7955167197e-06    3.2440232719e-08    1.3879221052e-05    1.0722483039e-06
 174.0000000   -5.0173649590e-06   -1.9896133560e-08    7.6390569991e-06    8.9156469939e-07
 175.0000000   -2.4248924800e-06   -5.9244452192e-08   -2.7828461246e-06    3.0154448339e-07
 176.0000000   -5.7541927129e-07   -7.3363165164e-08   -1.0400052108e-05   -1.7858811178e-07
 177.0000000   -2.3858207920e-07   -6.1956794028e-08   -1.0926635277e-05   -2.8578438136e-07
 178.0000000   -1.1492563644e-06   -2.9608278855e-08   -5.0181162031e-06   -1.5834918144e-07
 179.0000000   -2.3571379150e-06    1.6695673454e-08    2.9350805696e-06   -9.7026815317e-08
 180.0000000   -2.8860345879e-06    6.4485994278e-08    8.0750623740e-06   -2.3237624025e-07
 181.0000000   -2.3627170516e-06    9.4468575369e-08    8.0349588602e-06   -4.1915199450e-07
 182.0000000   -1.2516488903e-06    8.7147788879e-08    3.8795320383e-06   -4.1574882431e-07
 183.0000000   -5.1713779256e-07    3.5541382547e-08   -1.1687787775e-06   -1.3798987322e-07
 184.0000000   -9.0465480053e-07   -4.4825602695e-08   -4.0793391949e-06    2.5800814164e-07
 185.0000000   -2.3439428965e-06   -1.1761621945e-07   -3.8323812207e-06    5.1817378719e-07
 186.0000000   -3.9464711431e-06   -1.4164114082e-07   -1.6513307288e-06    5.0180280238e-07
 187.0000000   -4.6262050648e-06   -9.4655173440e-08    2.5545936660e-07    2.6714010282e-07
 188.0000000   -3.8756838555e-06    8.6061170294e-09    3.7556316516e-07   -1.9434249171e-08
 189.0000000   -2.1189683522e-06    1.1814391333e-07   -1.2010534985e-06   -2.3261318457e-07
 190.0000000   -4.0060826808e-07    1.7384083869e-07   -3.1157953455e-06   -3.4726546950e-07
 191.0000000    3.3229182198e-07    1.4109857314e-07   -3.8439971542e-06   -3.7823623327e-07
 192.0000000   -1.7483043567e-07    3.4310767217e-08   -2.6893864992e-06   -3.0293533672e-07
 193.0000000   -1.4043956985e-06   -8.8495076513e-08   -9.9999420365e-08   -7.4673106274e-08
 194.0000000   -2.5036892365e-06   -1.5863598818e-07    2.6823731756e-06    2.8189778977e-07
 195.0000000   -2.8867713264e-06   -1.3803442525e-07    4.2915537199e-06    6.0866375145e-07
 196.0000000   -2.5582733935e-06   -4.2882365054e-08    3.8957918756e-06    6.8073566551e-07
 197.0000000   -1.9580191862e-06    6.6218481724e-08    1.6290569800e-06    3.7116528463e-07
 198.0000000   -1.5287379335e-06    1.2285939567e-07   -1.3958878666e-06   -2.2046728503e-07
 199.0000000   -1.4130788279e-06    9.8038223239e-08   -3.6119663261e-06   -7.9089694170e-07
 200.0000000   -1.4892074780e-06    1.8251542802e-08   -3.8871843775e-06   -1.0047520832e-06
 201.0000000   -1.5950277054e-06   -5.6189128513e-08   -2.2435914783e-06   -7.0139578288e-07
 202.0000000   -1.6710530542e-06   -7.7801944253e-08    1.5700667572e-07   -3.1588165324e-09
 203.0000000   -1.7282436703e-06   -4.6390639374e-08    1.8307338934e-06    7.3973439855e-07
 204.0000000   -1.7533424803e-06   -1.9437574101e-09    1.9993618105e-06    1.1341488256e-06
 205.0000000   -1.6957010051e-06    1.6547944784e-08    1.0156362581e-06    9.5751504472e-07
 206.0000000   -1.5470813200e-06    6.2709944550e-09   -1.3440458533e-07    2.8534946553e-07
 207.0000000   -1.3942615660e-06   -4.2649699121e-09   -7.7228540260e-07   -5.3981810919e-07
 208.0000000   -1.3564869230e-06    6.9696135484e-09   -1.0515387313e-06   -1.0886033098e-06
 209.0000000   -1.4689767128e-06    2.7041037695e-08   -1.6097072682e-06   -1.0779656984e-06
 210.0000000   -1.6349547637e-06    2.2357452941e-08   -2.7134377870e-06   -5.2363047545e-07
 211.0000000   -1.6876640113e-06   -1.7959181398e-08   -3.7446636804e-06    2.7690396368e-07
 212.0000000   -1.5170325346e-06   -5.9170075123e-08   -3.5765855494e-06    9.1476681128e-07
 213.0000000   -1.1803037197e-06   -4.9492964983e-08   -1.5777776612e-06    1.0864221324e-06
 214.0000000   -8.9733449790e-07    2.4891477592e-08    1.6173995772e-06    7.3485190025e-07
 215.0000000   -8.9513679364e-07    1.1547745947e-07    4.2979135900e-06    5.4211822175e-08
 216.0000000   -1.2232815483e-06    1.4679721894e-07    4.7871425459e-06   -6.2214992875e-07
 217.0000000   -1.7059916515e-06    8.1016714319e-08    2.6744237883e-06   -9.8277274568e-07
 218.0000000   -2.0514782049e-06   -4.8532116699e-08   -7.8143956493e-07   -8.7659785574e-07
 219.0000000   -2.0211860450e-06   -1.6411449300e-07   -3.4350044123e-06   -3.7570136466e-07
 220.0000000   -1.5723443935e-06   -2.0124951249e-07   -3.7042933555e-06    2.6413111303e-07
 221.0000000   -9.0737505136e-07   -1.4453988626e-07   -1.6609106810e-06    7.3200925730e-07
 222.0000000   -3.8321435790e-07   -2.1160357588e-08    1.0321896208e-06    8.1908348873e-07
 223.0000000   -3.1447149533e-07    1.2375952338e-07    2.3118334557e-06    5.1884317651e-07
 224.0000000   -7.7606096459e-07    2.3908371450e-07    1.1926879684e-06    1.4304937433e-08
 225.0000000   -1.5186085805e-06    2.6869842169e-07   -1.5337109425e-06   -4.3313181857e-07
 226.0000000   -2.0827608658e-06    1.6905509453e-07   -3.8883670466e-06   -6.1946073924e-07
 227.0000000   -2.0958797181e-06   -4.8507605810e-08   -4.1461256671e-06   -4.8338935158e-07
 228.0000000   -1.5577289177e-06   -2.8812809648e-07   -2.0628837177e-06   -1.1391617022e-07
 229.0000000   -8.6186126740e-07   -4.0306983632e-07    1.0031160404e-06    3.0035395640e-07
 230.0000000   -4.9057755071e-07   -2.9360666463e-07    3.1182603718e-06    5.5019194672e-07
 231.0000000   -6.1967885401e-07    1.0319611474e-09    3.1315663612e-06    4.9408383436e-07
 232.0000000   -9.9374128176e-07    3.0443923394e-07    1.3513276486e-06    1.3410562277e-07
 233.0000000   -1.2140038559e-06    4.1898319447e-07   -8.7606229246e-07   -3.6093075619e-07
 234.0000000   -1.1642860957e-06    2.7472930855e-07   -2.2355943983e-06   -7.2188625424e-07
 235.0000000   -1.1149591155e-06   -1.2369904057e-08   -2.2855837829e-06   -7.2254147114e-07
 236.0000000   -1.3571887720e-06   -2.3041688179e-07   -1.5029322331e-06   -3.2177521140e-07
 237.0000000   -1.7488410939e-06   -2.4088096374e-07   -6.6809776903e-07    2.9249435189e-07
 238.0000000   -1.7212000621e-06   -8.4144251287e-08   -2.0937654875e-07    7.9890479889e-07
 239.0000000   -8.5439678104e-07    7.0748106921e-08   -2.9506067957e-08    9.2520713560e-07
 240.0000000    5.1614045738e-07    8.5921320707e-08    1.6692162078e-07    6.0517706370e-07
 241.0000000    1.3521056332e-06   -2.3078667339e-08    4.5362434091e-07    1.4198546642e-08
 242.0000000    7.2771627102e-07   -1.1535504360e-07    5.8281638425e-07   -5.3497949082e-07
 243.0000000   -1.2734509227e-06   -7.2858678840e-08    2.6367710519e-07   -7.7104505921e-07
 244.0000000   -3.4412403018e-06    7.7638260689e-08   -4.7949160469e-07   -6.1101286923e-07
 245.0000000   -4.2987079607e-06    1.8926668165e-07   -1.2229155094e-06   -1.9085600218e-07
 246.0000000   -3.2394327451e-06    1.4174010101e-07   -1.4281195102e-06    2.3217895715e-07
 247.0000000   -9.7854520168e-07   -3.5861679759e-08   -8.6703383415e-07    4.3796849912e-07
 248.0000000    1.0302022998e-06   -1.8794669241e-07    1.6069230078e-07    3.6026607612e-07
 249.0000000    1.6690709630e-06   -1.7817374458e-07    1.0009629162e-06    9.5538678631e-08
 250.0000000    8.3788709295e-07   -1.5974529268e-08    1.0877792683e-06   -1.8232340278e-07
 251.0000000   -7.0005610404e-07    1.5540582580e-07    3.2948929916e-07   -3.2801121682e-07
 252.0000000   -2.0160154005e-06    1.9167556806e-07   -8.4002923528e-07   -2.8464666380e-07
 253.0000000   -2.6113455924e-06    7.1970037377e-08   -1.7682674521e-06   -8.5027069400e-08
 254.0000000   -2.5127001489e-06   -9.5169489500e-08   -2.0084394757e-06    1.7662008757e-07
 255.0000000   -1.9774464229e-06   -1.7600640873e-07   -1.5540892214e-06    3.7880860796e-07
 256.0000000   -1.1946713698e-06   -1.2186722958e-07   -7.5085523382e-07    4.1564109179e-07
 257.0000000   -2.3770897774e-07    7.3592790566e-09   -1.0654826456e-08    2.5116309656e-07
 258.0000000    7.8408348657e-07    1.0887030370e-07    4.2544445546e-07   -4.2971282366e-08
 259.0000000    1.5995399882e-06    1.2011269785e-07    5.3170201938e-07   -3.1077609553e-07
 260.0000000    1.8352024762e-06    5.1542720290e-08    4.0428686122e-07   -4.0304897857e-07
 261.0000000    1.2358357962e-06   -3.9975262255e-08    1.7428703815e-07   -2.7811122876e-07
 262.0000000   -1.1441385729e-07   -9.8026486519e-08   -1.5352222035e-08   -3.0830650831e-08
 263.0000000   -1.7425376137e-06   -9.5114933592e-08   -3.7466414763e-08    1.7799463642e-07
 264.0000000   -2.9797003894e-06   -3.5305817907e-08    1.2695632657e-07    2.3530605327e-07
 265.0000000   -3.3098392680e-06    5.4258687767e-08    3.0713721739e-07    1.4150785377e-07
 266.0000000   -2.6643923031e-06    1.3196987896e-07    2.1866906926e-07   -1.5016385635e-08
 267.0000000   -1.4615410439e-06    1.5348144607e-07   -2.8825176527e-07   -1.3715172024e-07
 268.0000000   -3.4722530013e-07    9.1873956252e-08   -1.0182152445e-06   -1.7821953413e-07
 269.0000000    1.9515484682e-07   -4.0536867597e-08   -1.5100073517e-06   -1.4244989418e-07
 270.0000000    1.0060431771e-07   -1.8620779624e-07   -1.4066486117e-06   -5.0987286600e-08
 271.0000000   -3.2094903206e-07   -2.6441248949e-07   -7.9554328593e-07    7.6747965859e-08
 272.0000000   -6.6562349210e-07   -2.1455763046e-07   -1.6602064660e-07    2.0847702240e-07
 273.0000000   -7.2424859271e-07   -3.6668245836e-08    2.2031283209e-08    2.8277427623e-07
 274.0000000   -5.7369396644e-07    1.9696813353e-07   -2.3573025538e-07    2.3295721633e-07
 275.0000000   -4.4533103978e-07    3.7001259272e-07   -4.9122170491e-07    4.9167808551e-08
 276.0000000   -5.1376638394e-07    3.7904554105e-07   -2.9422164249e-07   -1.7861244631e-07
 277.0000000   -7.7513293387e-07    1.9160212635e-07    3.4063464721e-07   -2.9834015914e-07
 278.0000000   -1.0780315550e-06   -1.2542900119e-07    9.1243369782e-07   -2.1021170083e-07
 279.0000000   -1.2444628926e-06   -4.2590758753e-07    8.9074328485e-07    3.0860012806e-08
 280.0000000   -1.1728746525e-06   -5.4972209095e-07    2.1674840445e-07    2.2934004704e-07
 281.0000000   -8.6385424758e-07   -4.0607565475e-07   -6.2659605460e-07    1.9698961738e-07
 282.0000000   -3.8749571171e-07   -3.3177447162e-08   -1.0355835259e-06   -7.5396859783e-08
 283.0000000    1.5200624987e-07    4.0251123153e-07   -8.0151346113e-07   -3.7880424919e-07
 284.0000000    6.2294792511e-07    6.7791537091e-07   -2.5890863443e-07   -4.3812924238e-07
 285.0000000    8.6055062486e-07    6.2783883101e-07    3.9192851479e-08   -1.4427133269e-07
 286.0000000    6.9227874776e-07    2.4397312245e-07   -1.9396376273e-07    3.3246211227e-07
 287.0000000    1.9080784889e-08   -3.0123745790e-07   -7.5076683575e-07    6.5726872611e-07
 288.0000000   -1.0756270268e-06   -7.3060264784e-07   -1.1171347731e-06    5.8765968850e-07
 289.0000000   -2.2673814746e-06   -8.0657241088e-07   -8.8717455893e-07    1.5975314452e-07
 290.0000000   -3.0607368478e-06   -4.6713329751e-07   -7.1278030697e-08   -3.4672366161e-07
 291.0000000   -2.9996170438e-06    1.2741871232e-07    9.0767023836e-07   -6.2372128768e-07
 292.0000000   -1.9296751661e-06    6.7154909399e-07    1.4908224361e-06   -5.4480922720e-07
 293.0000000   -1.5833561899e-07    8.7822176237e-07    1.3263287399e-06   -2.1180030515e-07
 294.0000000    1.6150276537e-06    6.3775272428e-07    4.6500071025e-07    1.6256800867e-07
 295.0000000    2.6032730509e-06    7.9301232652e-08   -6.8965059060e-07    4.0664440169e-07
 296.0000000    2.3250379309e-06   -5.0162369442e-07   -1.6230947320e-06    4.5624815163e-07
 297.0000000    8.6900719183e-07   -8.0712643782e-07   -1.9828840053e-06    3.2706426754e-07
 298.0000000   -1.1290019107e-06   -6.9676724866e-07   -1.7197515486e-06    7.0612129339e-08
 299.0000000   -2.7916248590e-06   -2.5331549165e-07   -1.0377138085e-06   -2.2957659757e-07
 300.0000000   -3.4223669065e-06    2.7664427133e-07   -2.3336614219e-07   -4.4801056908e-07
 301.0000000   -2.8197005729e-06    6.2483271881e-07    4.3483739583e-07   -4.5636903327e-07
 302.0000000   -1.3311572312e-06    6.4092447866e-07    7.7753410328e-07   -2.1672499458e-07
 303.0000000    3.5341554167e-07    3.5496147958e-07    6.6351894891e-07    1.5203878601e-07
 304.0000000    1.5386403510e-06   -6.0722385443e-08    6.7922991075e-08    4.2341990331e-07
 305.0000000    1.8170460382e-06   -3.9588767257e-07   -8.1810431227e-07    4.1987225390e-07
 306.0000000    1.1966536338e-06   -5.0912172256e-07   -1.5490691765e-06    1.5589222972e-07
 307.0000000    3.7217826950e-08   -3.8287580022e-07   -1.5943805185e-06   -1.6316360942e-07
 308.0000000   -1.1444496137e-06   -1.0956103928e-07   -6.7795889528e-07   -3.0028258773e-07
 309.0000000   -1.8990643881e-06    1.7038854057e-07    9.4815414345e-07   -1.7591550285e-07
 310.0000000   -2.0069754875e-06    3.3886326910e-07    2.5476850724e-06    7.4126689987e-08
 311.0000000   -1.5265597565e-06    3.4508963163e-07    3.2923353686e-06    2.2149062325e-07
 312.0000000   -7.2861033182e-07    2.1231636271e-07    2.7531395996e-06    1.4109098406e-07
 313.0000000    4.1298314530e-08    1.3713609953e-08    1.1496574016e-06   -8.8636172171e-08
 314.0000000    5.0857609021e-07   -1.6483020965e-07   -8.0405615468e-07   -2.6171171089e-07
 315.0000000    5.6395500751e-07   -2.5836004652e-07   -2.3211482689e-06   -2.2385315917e-07
 316.0000000    2.7516027884e-07   -2.4291794029e-07   -2.9301846374e-06    4.0186694645e-10
 317.0000000   -1.7589641525e-07   -1.3854372083e-07   -2.6085925088e-06    2.3372611923e-07
 318.0000000   -5.9052879356e-07    3.5104975156e-09   -1.6618998389e-06    2.9289022115e-07
 319.0000000   -8.3599953300e-07    1.2401433054e-07   -5.1066089837e-07    1.3066141949e-07
 320.0000000   -8.7956382970e-07    1.8035806071e-07    4.6330979409e-07   -1.3563000158e-07
 321.0000000   -7.6963603264e-07    1.6211356663e-07    9.8166275129e-07   -3.1803790988e-07
 322.0000000   -5.8708874293e-07    9.0782007958e-08    9.0572471811e-07   -2.9251283862e-07
 323.0000000   -3.9995473095e-07    4.9483247048e-09    2.8539941325e-07   -7.5869749733e-08
 324.0000000   -2.4462716414e-07   -6.0115251822e-08   -6.1748072030e-07    1.9733442353e-07
 325.0000000   -1.3474559808e-07   -8.7019631528e-08   -1.4019150471e-06    3.6766401372e-07
 326.0000000   -8.0253609987e-08   -7.8425305230e-08   -1.7043597807e-06    3.4541808427e-07
 327.0000000   -9.5577502900e-08   -4.8607119280e-08   -1.3866536845e-06    1.5153558012e-07
 328.0000000   -1.8881138593e-07   -1.2226304917e-08   -6.0655595289e-07   -1.0846992790e-07
 329.0000000   -3.4249577007e-07    2.2001327320e-08    2.8549544447e-07   -3.1058864036e-07
 330.0000000   -5.0587790899e-07    5.0309015568e-08    9.5494327777e-07   -3.7490155041e-07
 331.0000000   -6.1082894616e-07    6.9058633745e-08    1.2549812867e-06   -2.9242523575e-07
 332.0000000   -6.0512559008e-07    7.1907671474e-08    1.2559654106e-06   -1.1162592912e-07
 333.0000000   -4.8244366649e-07    5.2282079926e-08    1.1373890408e-06    9.5433315175e-08
 334.0000000   -2.8940068442e-07    9.5398673429e-09    1.0401276391e-06    2.6182574427e-07
 335.0000000   -1.0509024381e-07   -4.6301417334e-08    9.8356995448e-07    3.3831846267e-07
 336.0000000   -5.6300535149e-09   -9.5913402980e-08    8.8352912986e-07    2.9765552969e-07
 337.0000000   -3.2831743984e-08   -1.1863480775e-07    6.3065184772e-07    1.4328303747e-07
 338.0000000   -1.7972558614e-07   -1.0290045599e-07    1.6487060245e-07   -7.8256859277e-08
 339.0000000   -3.9446420266e-07   -5.2923791653e-08   -4.8882391066e-07   -2.7846714030e-07
 340.0000000   -5.9761872261e-07    1.2492465491e-08   -1.2190850987e-06   -3.5778390037e-07
 341.0000000   -7.0783301888e-07    6.8464975930e-08   -1.8479630268e-06   -2.5971461200e-07
 342.0000000   -6.7141573745e-07    9.5171470252e-08   -2.1740269639e-06   -1.5664296683e-08
 343.0000000   -4.8787033686e-07    8.5863841229e-08   -2.0465510499e-06    2.5617036682e-07
 344.0000000   -2.1850452547e-07    4.8250414684e-08   -1.4531829221e-06    4.0790744394e-07
 345.0000000    3.2690843938e-08   -4.5766766972e-10   -5.6933945214e-07    3.4567365857e-07
 346.0000000    1.6355114748e-07   -4.1567822139e-08    2.8302708557e-07    8.8234938012e-08
 347.0000000    1.2353076330e-07   -6.1973514643e-08    7.7035357777e-07   -2.3809247390e-07
 348.0000000   -5.9713650279e-08   -5.7592295702e-08    7.1220491165e-07   -4.6709361337e-07
 349.0000000   -2.9479239311e-07   -3.2775093852e-08    1.8164790778e-07   -4.8273048219e-07
 350.0000000   -4.7506253729e-07    2.8580985009e-09   -5.1967399498e-07   -2.7912557349e-07
 351.0000000   -5.3226353388e-07    3.8105204128e-08   -9.9994161524e-07    4.1637460439e-08
 352.0000000   -4.6402773998e-07    6.3004605124e-08   -9.5671754281e-07    3.2816479051e-07
 353.0000000   -3.2281732184e-07    7.0590409016e-08   -3.1238032659e-07    4.5833221067e-07
 354.0000000   -1.7950743917e-07    5.8109404282e-08    7.4908901145e-07    3.9457398078e-07
 355.0000000   -8.8171933169e-08    2.8002957447e-08    1.8522083175e-06    1.9061383774e-07
 356.0000000   -7.1291452737e-08   -1.1857342413e-08    2.5766946664e-06   -4.6685412709e-08
 357.0000000   -1.2530299841e-07   -4.9642315679e-08    2.6258521182e-06   -2.1437010959e-07
 358.0000000   -2.3231111762e-07   -7.3104513627e-08    1.9509503439e-06   -2.5852949829e-07
 359.0000000   -3.6530702482e-07   -7.4153370359e-08    7.7542611099e-07   -1.8852690688e-07
 360.0000000   -4.8704765079e-07   -5.2352533516e-08   -4.9966932610e-07   -6.0127069687e-08
 361.0000000   -5.5306944116e-07   -1.5435037913e-08   -1.4704238785e-06    5.8106883879e-08
 362.0000000   -5.2685051366e-07    2.3578961175e-08   -1.9004114932e-06    1.1653867136e-07
 363.0000000   -4.0205018473e-07    5.1327161868e-08   -1.8006257626e-06    1.0102328576e-07
 364.0000000   -2.1548923186e-07    5.8915431457e-08   -1.3834063673e-06    3.0844424189e-08
 365.0000000   -3.6633759706e-08    4.4780871244e-08   -9.2673295939e-07   -5.6562975548e-08
 366.0000000    6.5050719655e-08    1.4874346258e-08   -6.3164128661e-07   -1.2420460318e-07
 367.0000000    5.6312536390e-08   -1.9592257989e-08   -5.4791152708e-07   -1.4848914330e-07
 368.0000000   -4.3368739267e-08   -4.6041616535e-08   -5.9225179944e-07   -1.2283617674e-07
 369.0000000   -1.7590962512e-07   -5.4965718730e-08   -6.2751622172e-07   -5.4446327349e-08
 370.0000000   -2.7976418549e-07   -4.3507965891e-08   -5.4648457425e-07    4.0094258797e-08
 371.0000000   -3.2273730112e-07   -1.6723576446e-08   -3.1747163812e-07    1.3687095968e-07
 372.0000000   -3.1215932237e-07    1.4385189001e-08    1.7577659005e-08    2.0627131682e-07
 373.0000000   -2.7907613672e-07    3.7631142830e-08    3.7522190779e-07    2.1927408386e-07
 374.0000000   -2.5096628746e-07    4.5218008257e-08    6.6903070425e-07    1.6023941231e-07
 375.0000000   -2.3335440897e-07    3.7341602212e-08    8.3905472692e-07    4.0226482361e-08
 376.0000000   -2.1158409701e-07    2.1714131930e-08    8.6715848693e-07   -1.0017510120e-07
 377.0000000   -1.6825496371e-07    8.9781554760e-09    7.7759717072e-07   -2.0536335919e-07
 378.0000000   -1.0152948892e-07    6.3701132026e-09    6.2321115865e-07   -2.3145810296e-07
 379.0000000   -3.1079048311e-08    1.3245973774e-08    4.6109922149e-07   -1.6954579180e-07
 380.0000000    1.1316431437e-08    2.1243609750e-08    3.2820703621e-07   -5.0103890791e-08
 381.0000000   -7.0760670831e-10    1.9231070008e-08    2.3033731221e-07    7.4486280396e-08
 382.0000000   -7.3182516441e-08    3.0625637191e-10    1.5122401570e-07    1.5754470812e-07
 383.0000000   -1.8679065846e-07   -3.3200520784e-08    7.3955546734e-08    1.7816518031e-07
 384.0000000   -3.0304936308e-07   -6.9651457112e-08   -3.2951530340e-09    1.4336146748e-07
 385.0000000   -3.7848406812e-07   -9.3071836852e-08   -7.0969805854e-08    7.5567154365e-08
 386.0000000   -3.8147271930e-07   -9.0568283146e-08   -1.2758892938e-07   -2.3253521671e-09
 387.0000000   -3.0572302427e-07   -5.8513488855e-08   -1.9529245024e-07   -7.4086209502e-08
 388.0000000   -1.7473484936e-07   -4.6819927100e-09   -3.1243218262e-07   -1.2836222202e-07
 389.0000000   -3.4161757272e-08    5.4474240123e-08   -5.0308625248e-07   -1.5471719954e-07
 390.0000000    6.5892384209e-08    1.0016945914e-07   -7.4525531951e-07   -1.4443947410e-07
 391.0000000    9.1099212941e-08    1.1860625613e-07   -9.6498506732e-07   -9.6726901504e-08
 392.0000000    3.6017144863e-08    1.0620126693e-07   -1.0665278976e-06   -2.4326614827e-08
 393.0000000   -7.6090357814e-08    7.0375318039e-08   -9.8197372248e-07    4.8223958579e-08
 394.0000000   -2.0571432686e-07    2.5475060601e-08   -7.0887287560e-07    9.5190684066e-08
 395.0000000   -3.1453927485e-07   -1.4173826373e-08   -3.1270068659e-07    1.0317330836e-07
 396.0000000   -3.7906344451e-07   -4.0459237735e-08    1.0488601217e-07    7.8358107097e-08
 397.0000000   -3.9515501700e-07   -5.3700079020e-08    4.5017078272e-07    4.1905632353e-08
 398.0000000   -3.7383137749e-07   -6.0062977517e-08    6.6871987216e-07    1.6124352868e-08
 399.0000000   -3.3242255564e-07   -6.6209722244e-08    7.5216225940e-07    1.0849304651e-08
 400.0000000   -2.8593055199e-07   -7.4585685267e-08    7.2581183460e-07    1.9389224133e-08
 401.0000000   -2.4173247091e-07   -8.1878273333e-08    6.3071861381e-07    2.6235280761e-08
 402.0000000   -1.9862159869e-07   -8.0976131571e-08    5.0993931821e-07    1.9878088421e-08
 403.0000000   -1.4964986514e-07   -6.4941117763e-08    3.9996668244e-07    6.2753720795e-10
 404.0000000   -8.7370492661e-08   -3.1007443331e-08    3.2343417476e-07   -2.1922601370e-08
 405.0000000   -9.5279885794e-09    1.6917340408e-08    2.8178909593e-07   -3.8277420546e-08
 406.0000000    7.7047163580e-08    6.8200901853e-08    2.5243536417e-07   -4.6403047385e-08
 407.0000000    1.5626406535e-07    1.0835401271e-07    1.9676798377e-07   -5.0839302078e-08
 408.0000000    2.0700192503e-07    1.2438843151e-07    8.0043109364e-08   -5.5315760314e-08
 409.0000000    2.1047443089e-07    1.1072545193e-07   -1.0547233003e-07   -5.6593509981e-08
 410.0000000    1.5765479609e-07    7.2538010053e-08   -3.2832623723e-07   -4.5897742206e-08
 411.0000000    5.3196270060e-08    2.4035664334e-08   -5.2688395694e-07   -1.7113666704e-08
 412.0000000   -8.6211319234e-08   -1.8015454807e-08   -6.3715916848e-07    2.5416463487e-08
 413.0000000   -2.3808763052e-07   -4.1995084730e-08   -6.2442250495e-07    6.6523779964e-08
 414.0000000   -3.8123851988e-07   -4.5726190206e-08   -5.0011361243e-07    8.8128951093e-08
 415.0000000   -4.9935489016e-07   -3.5030097612e-08   -3.1449455239e-07    7.9734188945e-08
 416.0000000   -5.7941685069e-07   -1.8276697467e-08   -1.3065492693e-07    4.4242875370e-08
 417.0000000   -6.0746863066e-07   -1.2914638786e-09    3.7753659176e-09   -4.0842077036e-09
 418.0000000   -5.6714000834e-07    1.3918526167e-08    7.1594539792e-08   -4.7138634631e-08
 419.0000000   -4.4498216421e-07    2.6649176921e-08    8.2609487650e-08   -7.0875049961e-08
 420.0000000   -2.4146825271e-07    3.4258742145e-08    5.8674874786e-08   -6.9862658467e-08
 421.0000000    1.9159022729e-08    3.1445752648e-08    1.9167036729e-08   -4.7668817940e-08
 422.0000000    2.8864669999e-07    1.2867805612e-08   -2.4809363932e-08   -1.4181323748e-08
 423.0000000    5.0804111695e-07   -2.2762066498e-08   -6.7241117414e-08    1.8706955558e-08
 424.0000000    6.3005744110e-07   -6.9839143482e-08   -1.0086082475e-07    4.1719683129e-08
 425.0000000    6.3909734639e-07   -1.1596958171e-07   -1.1403369319e-07    5.1489159307e-08
 426.0000000    5.5712714876e-07   -1.4507592839e-07   -9.3460143001e-08    5.0858540702e-08
 427.0000000    4.3083261353e-07   -1.4254591456e-07   -3.0648857356e-08    4.5815080672e-08
 428.0000000    3.0626787655e-07   -1.0098370576e-07    7.2248240930e-08    4.0881037513e-08
 429.0000000    2.0497222503e-07   -2.4637752818e-08    2.0089211267e-07    3.6071636971e-08
 430.0000000    1.1516782190e-07    6.9741183731e-08    3.3244249602e-07    2.7461443966e-08
 431.0000000    3.0308407707e-09    1.5708093254e-07    4.4263840771e-07    1.0679003540e-08
 432.0000000   -1.6278421262e-07    2.1238559368e-07    5.1302383921e-07   -1.5401145783e-08
 433.0000000   -3.8798015756e-07    2.1987264064e-07    5.3538357674e-07   -4.7200674574e-08
 434.0000000   -6.4438569109e-07    1.7842924723e-07    5.1196213013e-07   -7.7581816500e-08
 435.0000000   -8.8105309209e-07    1.0083348272e-07    4.5187526313e-07   -9.8235962834e-08
 436.0000000   -1.0475724134e-06    7.7394760337e-09    3.6561578290e-07   -1.0195124022e-07
 437.0000000   -1.1158124267e-06   -7.9873652593e-08    2.6032720727e-07   -8.4487852236e-08
 438.0000000   -1.0883301657e-06   -1.4606062994e-07    1.3828249163e-07   -4.6341381977e-08
 439.0000000   -9.9060518283e-07   -1.8163562043e-07   -4.5740936275e-10    5.9985498936e-09
 440.0000000   -8.5396439792e-07   -1.8340530176e-07   -1.5262468910e-07    6.0564856642e-08
 441.0000000   -7.0044319589e-07   -1.5305569930e-07   -3.0710137069e-07    1.0310829288e-07
 442.0000000   -5.3772918430e-07   -9.6935692973e-08   -4.4476029376e-07    1.2214404576e-07
 443.0000000   -3.6465820543e-07   -2.6283195114e-08   -5.4398551490e-07    1.1339722769e-07
 444.0000000   -1.8101717140e-07    4.3614020840e-08   -5.8916364502e-07    8.1232787398e-08
 445.0000000    6.1410053867e-09    9.6503375838e-08   -5.7695469517e-07    3.6415543149e-08
 446.0000000    1.8363022327e-07    1.2020318488e-07   -5.1626120486e-07   -8.4053906219e-09
 447.0000000    3.3883955878e-07    1.1158358962e-07   -4.2203861555e-07   -4.3224482088e-08
 448.0000000    4.6651471759e-07    7.8671275276e-08   -3.0738131950e-07   -6.3493705660e-08
 449.0000000    5.7074796136e-07    3.7933007707e-08   -1.7940327826e-07   -7.0573565784e-08
 450.0000000    6.6111633247e-07    7.2374369254e-09   -4.1449843166e-08   -6.9975718089e-08
 451.0000000    7.4587431254e-07   -2.2942634211e-09    1.0064038872e-07   -6.8045442276e-08
 452.0000000    8.2662382844e-07    8.7704412094e-09    2.3362093007e-07   -6.8266699894e-08
 453.0000000    8.9734862629e-07    2.9192381310e-08    3.3788642864e-07   -6.8871218638e-08
 454.0000000    9.4755153060e-07    4.3330642676e-08    3.9500140471e-07   -6.3275687515e-08
 455.0000000    9.6672464114e-07    3.8939969021e-08    3.9755741249e-07   -4.3642723197e-08
 456.0000000    9.4707620584e-07    1.2289332662e-08    3.5503509840e-07   -6.0502226203e-09
 457.0000000    8.8331443184e-07   -3.1378421219e-08    2.9120979076e-07    4.5467173534e-08
 458.0000000    7.7085506615e-07   -8.0984799137e-08    2.3364166128e-07    9.8465669141e-08
 459.0000000    6.0512384263e-07   -1.2372992282e-07    2.0095260610e-07    1.3600038478e-07
 460.0000000    3.8363967433e-07   -1.4824816236e-07    1.9543403828e-07    1.4348932268e-07
 461.0000000    1.1003948619e-07   -1.4659997345e-07    2.0536378130e-07    1.1554605551e-07
 462.0000000   -2.0278814874e-07   -1.1584181314e-07    2.1494714948e-07    5.9500487108e-08
 463.0000000   -5.3300095636e-07   -5.9391577126e-08    2.1451842666e-07   -6.4783569370e-09
 464.0000000   -8.5363234571e-07    1.2666475844e-08    2.0370822028e-07   -6.0361479181e-08
 465.0000000   -1.1375355911e-06    8.5405504264e-08    1.8604493068e-07   -8.5392371510e-08
 466.0000000   -1.3606709647e-06    1.4300275794e-07    1.6059790969e-07   -7.6936439422e-08
 467.0000000   -1.5030631546e-06    1.7336209662e-07    1.1891933578e-07   -4.3502292696e-08
 468.0000000   -1.5492500270e-06    1.7143194354e-07    5.1176133160e-08   -1.5563237835e-09
 469.0000000   -1.4904017445e-06    1.4001436280e-07   -4.2722576582e-08    3.2632929763e-08
 470.0000000   -1.3280155980e-06    8.8212552311e-08   -1.4630284697e-07    4.9317955193e-08
 471.0000000   -1.0763826847e-06    2.8545865808e-08   -2.3088113917e-07    4.6661469286e-08
 472.0000000   -7.6076161968e-07   -2.6219719075e-08   -2.6958288760e-07    2.7812375533e-08
 473.0000000   -4.1110010853e-07   -6.5898131956e-08   -2.5175065979e-07   -2.8521218124e-09
 474.0000000   -5.4851842291e-08   -8.4995068658e-08   -1.8760471522e-07   -4.1034022815e-08
 475.0000000    2.8646732075e-07   -8.3696286206e-08   -9.9913561098e-08   -8.0976081665e-08
 476.0000000    5.9514229365e-07   -6.7347952746e-08   -8.8832579080e-09   -1.1365765051e-07
 477.0000000    8.5224995846e-07   -4.4444097969e-08    7.8649437307e-08   -1.2776871305e-07
 478.0000000    1.0350027835e-06   -2.3768894094e-08    1.6793719877e-07   -1.1409405348e-07
 479.0000000    1.1200168891e-06   -1.1740788296e-08    2.6417457556e-07   -7.0780170953e-08
 480.0000000    1.0915729192e-06   -1.0854985232e-08    3.5885588593e-07   -5.7752667697e-09
 481.0000000    9.5012808391e-07   -1.9547634028e-08    4.2549234022e-07    6.5485152901e-08
 482.0000000    7.1599469996e-07   -3.3223530784e-08    4.2928902447e-07    1.2582947282e-07
 483.0000000    4.2611925218e-07   -4.5913565468e-08    3.4571748708e-07    1.6211761996e-07
 484.0000000    1.2573633953e-07   -5.2058591391e-08    1.7650384547e-07    1.6813969163e-07
 485.0000000   -1.4133315171e-07   -4.8050783828e-08   -4.7194367839e-08    1.4419740490e-07
 486.0000000   -3.4058881743e-07   -3.3246241112e-08   -2.7659309552e-07    9.5117256495e-08
 487.0000000   -4.5175612770e-07   -1.0204149497e-08   -4.6494233956e-07    2.8752692953e-08
 488.0000000   -4.7090718235e-07    1.5989563660e-08   -5.8371438569e-07   -4.4415780310e-08
 489.0000000   -4.1012503502e-07    3.9233213827e-08   -6.2744634730e-07   -1.1161139687e-07
 490.0000000   -2.9450211861e-07    5.4372831018e-08   -6.0746806295e-07   -1.5938417646e-07
 491.0000000   -1.5627584963e-07    5.8975582335e-08   -5.4134300495e-07   -1.7675540208e-07
 492.0000000   -2.6967262058e-08    5.4199543961e-08   -4.4545379261e-07   -1.5865589928e-07
 493.0000000    7.0172996957e-08    4.4285387119e-08   -3.3333268460e-07   -1.0793742844e-07
 494.0000000    1.2455265382e-07    3.4746881596e-08   -2.1683211874e-07   -3.5011838693e-08
 495.0000000    1.3769564907e-07    2.9995800637e-08   -1.0574251779e-07    4.4578959235e-08
 496.0000000    1.1833318335e-07    3.1525268871e-08   -4.6462134537e-09    1.1365657863e-07
 497.0000000    7.5878484400e-08    3.7567604988e-08    8.9973048231e-08    1.5709514621e-07
 498.0000000    1.5698969195e-08    4.4352855185e-08    1.8838991478e-07    1.6525696780e-07
 499.0000000   -6.1680479450e-08    4.8169483524e-08    3.0141327089e-07    1.3673945013e-07
 500.0000000   -1.5768530894e-07    4.6988272168e-08    4.3309063719e-07    7.9569171385e-08
 501.0000000   -2.7130247071e-07    4.0783621185e-08    5.7752589440e-07    9.7759629082e-09
 502.0000000   -3.9577696420e-07    3.0622156324e-08    7.2189920564e-07   -5.3037201202e-08
 503.0000000   -5.1781438805e-07    1.7410895659e-08    8.5292438085e-07   -9.2043814759e-08
 504.0000000   -6.1904927893e-07    1.3139629619e-09    9.6160173874e-07   -9.9039602768e-08
 505.0000000   -6.7860982375e-07   -1.7792483232e-08    1.0431227142e-06   -7.7180148251e-08
 506.0000000   -6.7588523422e-07   -3.9329118702e-08    1.0931386829e-06   -3.9287000449e-08
 507.0000000   -5.9351607140e-07   -6.1413838871e-08    1.1044166437e-06   -2.4628647217e-09
 508.0000000   -4.2113598727e-07   -8.1254738258e-08    1.0669697985e-06    1.8574078580e-08
 509.0000000   -1.5988521250e-07   -9.6339734620e-08    9.7137086524e-07    1.6636388474e-08
 510.0000000    1.7348019430e-07   -1.0558412968e-07    8.1241918402e-07   -6.1353246905e-09
 511.0000000    5.4496119900e-07   -1.0958797562e-07    5.9074512085e-07   -3.9986747090e-08
 512.0000000    9.0601272672e-07   -1.0976896948e-07    3.1243308272e-07   -7.1511333719e-08
 513.0000000    1.2009694414e-06   -1.0691764613e-07   -1.1378318283e-08   -8.8059076383e-08
 514.0000000    1.3776998164e-06   -1.0012678240e-07   -3.6351503251e-07   -8.1199275360e-08
 515.0000000    1.3986088239e-06   -8.6827573728e-08   -7.1925828600e-07   -4.8694136684e-08
 516.0000000    1.2488896637e-06   -6.4000399689e-08   -1.0467429940e-06    4.9266371898e-09
 517.0000000    9.3985839076e-07   -2.9955071388e-08   -1.3109598141e-06    6.9022845624e-08
 518.0000000    5.0679278147e-07    1.4220209629e-08   -1.4805809869e-06    1.2882208433e-07
 519.0000000    2.2859034383e-09    6.4246998313e-08   -1.5347560642e-06    1.6883807973e-07
 520.0000000   -5.1281289442e-07    1.1347187609e-07   -1.4670111337e-06    1.7729137916e-07
 521.0000000   -9.7853754544e-07    1.5456029738e-07   -1.2852334761e-06    1.5021123315e-07
 522.0000000   -1.3432200321e-06    1.8140329130e-07   -1.0087942927e-06    9.3429013036e-08
 523.0000000   -1.5683841687e-06    1.9056652790e-07   -6.6467500334e-07    2.1222691535e-08
 524.0000000   -1.6313213281e-06    1.8186232477e-07   -2.8386849272e-07   -4.8180029680e-08
 525.0000000   -1.5260808696e-06    1.5799056387e-07    1.0169365365e-07   -9.8521775603e-08
 526.0000000   -1.2634975024e-06    1.2351757769e-07    4.6189619097e-07   -1.2050104426e-07
 527.0000000   -8.7034874845e-07    8.3626217228e-08    7.7084676119e-07   -1.1402484533e-07
 528.0000000   -3.8724821088e-07    4.3038450205e-08    1.0085619688e-06   -8.7229186264e-08
 529.0000000    1.3518370964e-07    5.3382347642e-09    1.1616807332e-06   -5.3007851135e-08
 530.0000000    6.4191008730e-07   -2.7279054465e-08    1.2234878849e-06   -2.4446156821e-08
 531.0000000    1.0802197918e-06   -5.3929633360e-08    1.1939335338e-06   -1.0620230000e-08
 532.0000000    1.4064970603e-06   -7.4754622804e-08    1.0801216513e-06   -1.3952887830e-08
 533.0000000    1.5917398759e-06   -9.0505820700e-08    8.9696330546e-07   -2.9874643060e-08
 534.0000000    1.6247792740e-06   -1.0207165566e-07    6.6691873653e-07   -4.8901699686e-08
 535.0000000    1.5126494462e-06   -1.1004459569e-07    4.1766958493e-07   -6.0436217526e-08
 536.0000000    1.2781705888e-06   -1.1446734730e-07    1.7745477233e-07   -5.6888034180e-08
 537.0000000    9.5538643346e-07   -1.1486548991e-07   -3.0711333227e-08   -3.6518907709e-08
 538.0000000    5.8390320337e-07   -1.1056150491e-07   -1.9355722190e-07   -3.9259305710e-09
 539.0000000    2.0328889707e-07   -1.0112965104e-07   -3.0850818082e-07    3.1908528265e-08
 540.0000000   -1.5151700036e-07   -8.6783180445e-08   -3.8036043071e-07    6.1085007259e-08
 541.0000000   -4.5326101462e-07   -6.8528870130e-08   -4.1530320520e-07    7.6353318873e-08
 542.0000000   -6.8383918298e-07   -4.8041836079e-08   -4.1558912857e-07    7.5473847290e-08
 543.0000000   -8.3444180029e-07   -2.7325534637e-08   -3.7796666317e-07    6.1637842195e-08
 544.0000000   -9.0481255723e-07   -8.2729127413e-09   -2.9689525852e-07    4.1947284560e-08
 545.0000000   -9.0206385595e-07    7.7592163980e-09   -1.7080344727e-07    2.4622062485e-08
 546.0000000   -8.3938476554e-07    2.0268368407e-08   -7.9326834064e-09    1.6019698259e-08
 547.0000000   -7.3476898375e-07    2.9731595038e-08    1.7138327659e-07    1.8575832448e-08
 548.0000000   -6.0961738874e-07    3.7469091405e-08    3.3721362050e-07    3.0354120791e-08
 549.0000000   -4.8686702030e-07    4.5234149909e-08    4.5629516848e-07    4.6187300640e-08
 550.0000000   -3.8835052419e-07    5.4614314283e-08    4.9981912607e-07    5.9745042400e-08
 551.0000000   -3.3147717741e-07    6.6422182559e-08    4.5052994280e-07    6.5617092228e-08
 552.0000000   -3.2588789494e-07    8.0286637100e-08    3.0764816758e-07    6.0729697446e-08
 553.0000000   -3.7111808664e-07    9.4598730445e-08    8.8777206523e-08    4.4875512531e-08
 554.0000000   -4.5619556672e-07    1.0684304521e-07   -1.7170592782e-07    2.0481437307e-08
 555.0000000   -5.6149519743e-07    1.1421006261e-07   -4.2791265270e-07   -8.1896441471e-09
 556.0000000   -6.6239328351e-07    1.1429324151e-07   -6.3074495783e-07   -3.6263991389e-08
 557.0000000   -7.3374534013e-07    1.0565850949e-07   -7.3760269367e-07   -5.9708208987e-08
 558.0000000   -7.5417234953e-07    8.8135263262e-08   -7.2114074861e-07   -7.6576682426e-08
 559.0000000   -7.0945538678e-07    6.2788907852e-08   -5.7484200938e-07   -8.7467494420e-08
 560.0000000   -5.9468447728e-07    3.1645938569e-08   -3.1416084515e-07   -9.4809650888e-08
 561.0000000   -4.1496911492e-07   -2.6968374524e-09    2.6664850910e-08   -1.0120169974e-07
 562.0000000   -1.8455786475e-07   -3.7459355002e-08    4.0097838830e-07   -1.0764083054e-07
 563.0000000    7.5633834110e-08   -7.0002515142e-08    7.5764352037e-07   -1.1263827136e-07
 564.0000000    3.4169820339e-07   -9.8084909746e-08    1.0490123290e-06   -1.1272723296e-07
 565.0000000    5.9074948479e-07   -1.2005494058e-07    1.2376489873e-06   -1.0404260798e-07
 566.0000000    8.0420025359e-07   -1.3495045295e-07    1.3008621902e-06   -8.4064565499e-08
 567.0000000    9.6949648957e-07   -1.4245874282e-07    1.2325113804e-06   -5.2657828124e-08
 568.0000000    1.0801732631e-06   -1.4272465791e-07    1.0421163758e-06   -1.2102332590e-08
 569.0000000    1.1347659360e-06   -1.3607429290e-07    7.5192317258e-07    3.3577538739e-08
 570.0000000    1.1354110494e-06   -1.2278799457e-07    3.9300582699e-07    7.9455735460e-08
 571.0000000    1.0867921691e-06   -1.0304995779e-07    1.4841318771e-09    1.2041140159e-07
 572.0000000    9.9564510462e-07   -7.7113924600e-08   -3.8450773878e-07    1.5174270825e-07
 573.0000000    8.7066570880e-07   -4.5605682405e-08   -7.2712667307e-07    1.6985138629e-07
 574.0000000    7.2254732818e-07   -9.8042490529e-09   -9.9096126557e-07    1.7296969960e-07
 575.0000000    5.6395436215e-07    2.8252376976e-08   -1.1457094270e-06    1.6163030348e-07
 576.0000000    4.0932701830e-07    6.5911924757e-08   -1.1697501455e-06    1.3853256544e-07
 577.0000000    2.7439782318e-07    1.0026848787e-07   -1.0542559309e-06    1.0772726847e-07
 578.0000000    1.7523836014e-07    1.2861672725e-07   -8.0671836154e-07    7.3432865231e-08
 579.0000000    1.2669061009e-07    1.4884740654e-07   -4.5232894260e-07    3.9013953052e-08
 580.0000000    1.4024566205e-07    1.5966897731e-07   -3.1918339182e-08    6.5407789305e-09
 581.0000000    2.2173130098e-07    1.6062365709e-07    4.0382853327e-07   -2.3002768082e-08
 582.0000000    3.6937876382e-07    1.5195473325e-07    8.0276169417e-07   -4.9144883318e-08
 583.0000000    5.7282215393e-07    1.3443007970e-07    1.1200330469e-06   -7.1406519162e-08
 584.0000000    8.1335056695e-07    1.0921355124e-07    1.3248270142e-06   -8.9135221690e-08
 585.0000000    1.0654171364e-06    7.7817135450e-08    1.4035103217e-06   -1.0171298079e-07
 586.0000000    1.2991622536e-06    4.2104102794e-08    1.3590966810e-06   -1.0890796620e-07
 587.0000000    1.4835968601e-06    4.2828967271e-09    1.2081227788e-06   -1.1106295145e-07
 588.0000000    1.5900780533e-06   -3.3160720661e-08    9.7640912077e-07   -1.0894871321e-07
 589.0000000    1.5957112149e-06   -6.7619227552e-08    6.9475885690e-07   -1.0336629663e-07
 590.0000000    1.4862851473e-06   -9.6606779589e-08    3.9497731202e-07   -9.4782571585e-08
 591.0000000    1.2583167825e-06   -1.1806634414e-07    1.0626079012e-07   -8.3279435283e-08
 592.0000000    9.1982287552e-07   -1.3068367673e-07   -1.4784257796e-07   -6.8875586528e-08
 593.0000000    4.8960350149e-07   -1.3411489681e-07   -3.5140653802e-07   -5.1992648926e-08
 594.0000000   -4.8954163390e-09   -1.2902367582e-07   -4.9659456409e-07   -3.3701454992e-08
 595.0000000   -5.3076012968e-07   -1.1687086423e-07   -5.8271003981e-07   -1.5515866027e-08
 596.0000000   -1.0532208605e-06   -9.9501461891e-08   -6.1455571709e-07    1.1839883198e-09
 597.0000000   -1.5390424997e-06   -7.8680562438e-08   -6.0102924869e-07    1.5748929197e-08
 598.0000000   -1.9591882925e-06   -5.5771208166e-08   -5.5440900460e-07    2.8503223400e-08
 599.0000000   -2.2905317024e-06   -3.1685866467e-08   -4.8996309053e-07    4.0487139305e-08
 600.0000000   -2.5166868794e-06   -7.1069944610e-09   -4.2498732453e-07    5.2862875562e-08
 601.0000000   -2.6282209064e-06    1.7163030331e-08   -3.7658652141e-07    6.6315443485e-08
 602.0000000   -2.6225402623e-06    3.9923282180e-08   -3.5833714822e-07    8.0715634525e-08
 603.0000000   -2.5036294752e-06    5.9528782596e-08   -3.7682355790e-07    9.5103790821e-08
 604.0000000   -2.2816485415e-06    7.4130594269e-08   -4.2934111527e-07    1.0787846804e-07
 605.0000000   -1.9722738788e-06    8.2130021603e-08   -5.0365746871e-07    1.1704966276e-07
 606.0000000   -1.5956650969e-06    8.2685308837e-08   -5.7995374228e-07    1.2051488622e-07
 607.0000000   -1.1750529227e-06    7.6078517554e-08   -6.3442231583e-07    1.1640964446e-07
 608.0000000   -7.3509838810e-07    6.3785238877e-08   -6.4372997022e-07    1.0356308383e-07
 609.0000000   -3.0027007482e-07    4.8183208243e-08   -5.8956100931e-07    8.1959808183e-08
 610.0000000    1.0653993641e-07    3.1964326837e-08   -4.6248984172e-07    5.2986015355e-08
 611.0000000    4.6507770825e-07    1.7434666541e-08   -2.6441188612e-07    1.9252997554e-08
 612.0000000    7.5854716268e-07    5.9460501010e-09   -8.8467525726e-09   -1.6021438867e-08
 613.0000000    9.7435575232e-07   -2.3347103348e-09    2.8117456487e-07   -4.9835934452e-08
 614.0000000    1.1049062300e-06   -8.2395061586e-09    5.7723456668e-07   -8.0045862951e-08
 615.0000000    1.1483960691e-06   -1.3079362737e-08    8.5058434957e-07   -1.0551591622e-07
 616.0000000    1.1094090444e-06   -1.8002940122e-08    1.0767687252e-06   -1.2576282943e-07
 617.0000000    9.9899257748e-07   -2.3482217553e-08    1.2387424741e-06   -1.4037174601e-07
 618.0000000    8.3396742522e-07   -2.9111478706e-08    1.3280550066e-06   -1.4859201259e-07
 619.0000000    6.3539677691e-07   -3.3774369985e-08    1.3443372009e-06   -1.4937303424e-07
 620.0000000    4.2637489036e-07   -3.6090575049e-08    1.2936968617e-06   -1.4179232179e-07
 621.0000000    2.2948877576e-07   -3.4954184224e-08    1.1866832620e-06   -1.2557444308e-07
 622.0000000    6.4392149744e-08   -2.9954984149e-08    1.0363630930e-06   -1.0137149372e-07
 623.0000000   -5.4111494085e-08   -2.1534697741e-08    8.5689656869e-07   -7.0670455341e-08
 624.0000000   -1.1722323314e-07   -1.0843561958e-08    6.6282620939e-07   -3.5447202542e-08
 625.0000000   -1.2247385150e-07    6.2097570541e-10    4.6903642953e-07    2.1871631674e-09
 626.0000000   -7.3322164414e-08    1.1439990267e-08    2.9102785859e-07    4.0171725316e-08
 627.0000000    2.1761575304e-08    2.0606893371e-08    1.4492803397e-07    7.6511325395e-08
 628.0000000    1.5047732191e-07    2.7669944336e-08    4.6714927415e-08    1.0924421724e-07
 629.0000000    2.9791532318e-07    3.2668140120e-08    1.0504501929e-08    1.3647198499e-07
 630.0000000    4.4765565583e-07    3.5919709866e-08    4.6264753832e-08    1.5646053777e-07
 631.0000000    5.8268568824e-07    3.7763474657e-08    1.5766035432e-07    1.6774577385e-07
 632.0000000    6.8618318404e-07    3.8354058530e-08    3.4069426681e-07    1.6919985600e-07
 633.0000000    7.4230107505e-07    3.7578576712e-08    5.8344265931e-07    1.6009887032e-07
 634.0000000    7.3711442421e-07    3.5109574786e-08    8.6674682945e-07    1.4027958622e-07
 635.0000000    6.5982324728e-07    3.0556554824e-08    1.1655172667e-06    1.1041516884e-07
 636.0000000    5.0416451955e-07    2.3647237849e-08    1.4504087708e-06    7.2308415263e-08
 637.0000000    2.6983937174e-07    1.4371638897e-08    1.6898783332e-06    2.9001291589e-08
 638.0000000   -3.6314545787e-08    3.0513262473e-09    1.8527710970e-06   -1.5477046105e-08
 639.0000000   -3.9964399026e-07   -9.6683022645e-09    1.9114432705e-06   -5.6749571500e-08
 640.0000000   -7.9762737222e-07   -2.2884880586e-08    1.8451077471e-06   -9.0947501796e-08
 641.0000000   -1.2004798685e-06   -3.5547770815e-08    1.6428152748e-06   -1.1548569877e-07
 642.0000000   -1.5724103348e-06   -4.6598339043e-08    1.3054554786e-06   -1.2947301985e-07
 643.0000000   -1.8735434265e-06   -5.5127299602e-08    8.4638365999e-07   -1.3361881112e-07
 644.0000000   -2.0625293654e-06   -6.0516834493e-08    2.9059296475e-07   -1.2970126843e-07
 645.0000000   -2.0997931389e-06   -6.2521635063e-08   -3.2741193817e-07   -1.1983135762e-07
 646.0000000   -1.9512169037e-06   -6.1254853118e-08   -9.6677035661e-07   -1.0580484370e-07
 647.0000000   -1.5918747958e-06   -5.7084562691e-08   -1.5841152835e-06   -8.8765790680e-08
 648.0000000   -1.0093502871e-06   -5.0490874415e-08   -2.1376842528e-06   -6.9248638048e-08
 649.0000000   -2.0622173073e-07   -4.1952058904e-08   -2.5911494751e-06   -4.7502612939e-08
 650.0000000    7.9852763820e-07   -3.1905955834e-08   -2.9166154977e-06   -2.3908459818e-08
 651.0000000    1.9692310680e-06   -2.0785488030e-08   -3.0964044212e-06    6.9586122147e-10
 652.0000000    3.2543381799e-06   -9.0857897942e-09   -3.1235587872e-06    2.4886070947e-08
 653.0000000    4.5882386560e-06    2.5910692786e-09   -3.0012892003e-06    4.6738023106e-08
 654.0000000    5.8941033249e-06    1.3549065284e-08   -2.7417364109e-06    6.4098781377e-08
 655.0000000    7.0877418343e-06    2.3072891652e-08   -2.3643809226e-06    7.4995113409e-08
 656.0000000    8.0823828763e-06    3.0542902787e-08   -1.8943088168e-06    7.8112359436e-08
 657.0000000    8.7941149231e-06    3.5556414100e-08   -1.3604422174e-06    7.3229995729e-08
 658.0000000    9.1475688668e-06    3.8019095829e-08   -7.9380636998e-07    6.1452657313e-08
 659.0000000    9.0813630069e-06    3.8175269688e-08   -2.2589240810e-07    4.5087817900e-08
 660.0000000    8.5528873974e-06    3.6560458888e-08    3.1286452870e-07    2.7131727547e-08
 661.0000000    7.5421274893e-06    3.3884849367e-08    7.9453290308e-07    1.0499924763e-08
 662.0000000    6.0543358875e-06    3.0884601119e-08    1.1951254159e-06   -2.7199804762e-09
 663.0000000    4.1214084930e-06    2.8192641549e-08    1.4960470234e-06   -1.1702774962e-08
 664.0000000    1.8018239025e-06    2.6268406674e-08    1.6854499032e-06   -1.6852659273e-08
 665.0000000   -8.2097862524e-07    2.5390352284e-08    1.7592873482e-06   -1.9357907090e-08
 666.0000000   -3.6418294873e-06    2.5677686676e-08    1.7218228377e-06   -2.0555036215e-08
 667.0000000   -6.5385769948e-06    2.7094988571e-08    1.5854032269e-06   -2.1368028591e-08
 668.0000000   -9.3781124571e-06    2.9416035225e-08    1.3694176691e-06   -2.2011102451e-08
 669.0000000   -1.2023314993e-05    3.2167370499e-08    1.0984980797e-06   -2.2011294034e-08
 670.0000000   -1.4340491687e-05    3.4607051504e-08    8.0014786407e-07   -2.0490690144e-08
 671.0000000   -1.6206850046e-05    3.5793273833e-08    5.0209567555e-07   -1.6580992147e-08
 672.0000000   -1.7517509745e-05    3.4757493357e-08    2.2973410209e-07   -9.8217965773e-09
 673.0000000   -1.8191551822e-05    3.0739515281e-08    3.9889427928e-09   -4.0742964983e-10
 674.0000000   -1.8176656448e-05    2.3402039519e-08   -1.6013519131e-07    1.0804523288e-08
 675.0000000   -1.7452023662e-05    1.2943585594e-08   -2.5424078664e-07    2.2526174337e-08
 676.0000000   -1.6029481494e-05    7.1038674259e-11   -2.7651206662e-07    3.3419571011e-08
 677.0000000   -1.3952887424e-05   -1.4148350012e-08   -2.3113500655e-07    4.2464758629e-08
 678.0000000   -1.1296042772e-05   -2.8492996614e-08   -1.2736094373e-07    4.9164364815e-08
 679.0000000   -8.1593389005e-06   -4.1781640049e-08    2.1586214638e-08    5.3516226206e-08
 680.0000000   -4.6652856147e-06   -5.3012477375e-08    1.9958483704e-07    5.5797329307e-08
 681.0000000   -9.5302043368e-07   -6.1438452077e-08    3.8856000153e-07    5.6280907575e-08
 682.0000000    2.8280767334e-06   -6.6594011917e-08    5.6929114160e-07    5.5018122053e-08
 683.0000000    6.5254370857e-06   -6.8291686060e-08    7.2219995377e-07    5.1765926459e-08
 684.0000000    9.9906728600e-06   -6.6597843008e-08    8.2831048059e-07    4.6071704515e-08
 685.0000000    1.3086820834e-05   -6.1790693795e-08    8.7053796440e-07    3.7467754644e-08
 686.0000000    1.5694984999e-05   -5.4306816311e-08    8.3531637932e-07    2.5697928379e-08
 687.0000000    1.7719924055e-05   -4.4689085511e-08    7.1439076038e-07    1.0893206566e-08
 688.0000000    1.9094187765e-05   -3.3547926009e-08    5.0648173837e-07   -6.3688124479e-09
 689.0000000    1.9780506647e-05   -2.1535772877e-08    2.1853042280e-07   -2.5142853603e-08
 690.0000000    1.9772295800e-05   -9.3205675742e-09   -1.3367825299e-07   -4.4297489351e-08
 691.0000000    1.9092340671e-05    2.4582619708e-09   -5.2561776915e-07   -6.2716383581e-08
 692.0000000    1.7789946504e-05    1.3253413009e-08   -9.2490374656e-07   -7.9432141987e-08
 693.0000000    1.5936985613e-05    2.2673362047e-08   -1.2930027343e-06   -9.3653538346e-08
 694.0000000    1.3623314456e-05    3.0515225924e-08   -1.5877693481e-06   -1.0471838433e-07
 695.0000000    1.0951954038e-05    3.6745808612e-08   -1.7667021927e-06   -1.1204895084e-07
 696.0000000    8.0342846520e-06    4.1435454801e-08   -1.7906498011e-06   -1.1517094678e-07
 697.0000000    4.9853734371e-06    4.4673448708e-08   -1.6275750827e-06   -1.1379347208e-07
 698.0000000    1.9194840776e-06    4.6500480179e-08   -1.2559717949e-06   -1.0788807528e-07
 699.0000000   -1.0541789960e-06    4.6880653974e-08   -6.6762071987e-07   -9.7699616883e-08
 700.0000000   -3.8353939103e-06    4.5713813791e-08    1.3049259880e-07   -8.3675267006e-08
 701.0000000   -6.3363683299e-06    4.2873431615e-08    1.1151836787e-06   -6.6365845895e-08
 702.0000000   -8.4845508669e-06    3.8253154339e-08    2.2470617604e-06   -4.6377438686e-08
 703.0000000   -1.0224671678e-05    3.1812276722e-08    3.4715852718e-06   -2.4408267883e-08
 704.0000000   -1.1519931596e-05    2.3617552035e-08    4.7212384601e-06   -1.3297821197e-09
 705.0000000   -1.2352327317e-05    1.3879799971e-08    5.9188040653e-06    2.1775594701e-08
 706.0000000   -1.2722164372e-05    2.9799968562e-09    6.9815765418e-06    4.3685113862e-08
 707.0000000   -1.2646856470e-05   -8.5235212050e-09    7.8262386417e-06    6.3205067986e-08
 708.0000000   -1.2159132955e-05   -1.9913497880e-08    8.3740601345e-06    7.9361621931e-08
 709.0000000   -1.1304778601e-05   -3.0359414129e-08    8.5560830686e-06    9.1527366735e-08
 710.0000000   -1.0140022735e-05   -3.8987034128e-08    8.3180072173e-06    9.9450570907e-08
 711.0000000   -8.7286911788e-06   -4.4966412541e-08    7.6245400824e-06    1.0321996709e-07
 712.0000000   -7.1392419556e-06   -4.7612250330e-08    6.4629962292e-06    1.0322194743e-07
 713.0000000   -5.4418195209e-06   -4.6487774543e-08    4.8459154577e-06    1.0011395677e-07
 714.0000000   -3.7054677814e-06   -4.1496993090e-08    2.8124409805e-06    9.4783973277e-08
 715.0000000   -1.9956245225e-06   -3.2943230426e-08    4.2819669791e-07    8.8244618638e-08
 716.0000000   -3.7197559622e-07   -2.1530324628e-08   -2.2165378504e-06    8.1444978547e-08
 717.0000000    1.1133099753e-06   -8.2916611146e-09   -5.0104244601e-06    7.5047089356e-08
 718.0000000    2.4169878170e-06    5.5489682518e-09   -7.8263235031e-06    6.9255045757e-08
 719.0000000    3.5058233357e-06    1.8758412642e-08   -1.0527914567e-05    6.3770323904e-08
 720.0000000    4.3573599903e-06    3.0274637903e-08   -1.2977237297e-05    5.7889391813e-08
 721.0000000    4.9603267801e-06    3.9341809854e-08   -1.5042621342e-05    5.0701966576e-08
 722.0000000    5.3146019770e-06    4.5568273193e-08   -1.6606439968e-05    4.1325472532e-08
 723.0000000    5.4306498207e-06    4.8899269654e-08   -1.7572130452e-05    2.9124163000e-08
 724.0000000    5.3283939095e-06    4.9521087720e-08   -1.7869976772e-05    1.3883574816e-08
 725.0000000    5.0355699241e-06    4.7730949169e-08   -1.7461258143e-05   -4.0815330928e-09
 726.0000000    4.5856813351e-06    4.3812827214e-08   -1.6340531678e-05   -2.3913126110e-08
 727.0000000    4.0157370699e-06    3.7953800897e-08   -1.4536010681e-05   -4.4313691133e-08
 728.0000000    3.3639670084e-06    3.0221865516e-08   -1.2108168983e-05   -6.3762652453e-08
 729.0000000    2.6676943794e-06    2.0608341546e-08   -9.1467979468e-06   -8.0793963688e-08
 730.0000000    1.9615082320e-06    9.1198706134e-09   -5.7667563961e-06   -9.4249981285e-08
 731.0000000    1.2758374984e-06   -4.1098730960e-09   -2.1026200705e-06   -1.0343222104e-07
 732.0000000    6.3598663072e-07   -1.8725959306e-08    1.6975860349e-06   -1.0811450408e-07
 733.0000000    6.1650187195e-08   -3.4108889005e-08    5.4793616122e-06   -1.0844221663e-07
 734.0000000   -4.3312206239e-07   -4.9400256780e-08    9.0891225180e-06   -1.0478046677e-07
 735.0000000   -8.3958442867e-07   -6.3593010094e-08    1.2381628373e-05   -9.7577466554e-08
 736.0000000   -1.1536927824e-06   -7.5660903040e-08    1.5227001095e-05   -8.7284690481e-08
 737.0000000   -1.3753741724e-06   -8.4690692466e-08    1.7516880242e-05   -7.4342420334e-08
 738.0000000   -1.5077958261e-06   -8.9983542422e-08    1.9169308262e-05   -5.9214660421e-08
 739.0000000   -1.5567266009e-06   -9.1106372388e-08    2.0132029644e-05   -4.2445604018e-08
 740.0000000   -1.5300310458e-06   -8.7892224505e-08    2.0384011058e-05   -2.4706901922e-08
 741.0000000   -1.4372803563e-06   -8.0403417533e-08    1.9935138152e-05   -6.8077118738e-09
 742.0000000   -1.2894236891e-06   -6.8878105641e-08    1.8824209386e-05    1.0350900606e-08
 743.0000000   -1.0984504195e-06   -5.3679853559e-08    1.7115506086e-05    2.5877203095e-08
 744.0000000   -8.7699158482e-07   -3.5263818192e-08    1.4894336537e-05    3.9021877196e-08
 745.0000000   -6.3784698364e-07   -1.4165264264e-08    1.2261997395e-05    4.9300371967e-08
 746.0000000   -3.9346502418e-07    8.9913292456e-09    9.3305553313e-06    5.6559498140e-08
 747.0000000   -1.5542745894e-07    3.3470170806e-08    6.2177446440e-06    6.0961038645e-08
 748.0000000    6.6008273742e-08    5.8400297031e-08    3.0421478296e-06    6.2885958970e-08
 749.0000000    2.6227573514e-07    8.2762358674e-08   -8.1273032075e-08    6.2792178747e-08
 750.0000000    4.2676658284e-07    1.0539734948e-07   -3.0452636121e-06    6.1073745677e-08
 751.0000000    5.5500432566e-07    1.2504545778e-07   -5.7539301978e-06    5.7964949945e-08
 752.0000000    6.4472923904e-07    1.4041813617e-07   -8.1258539836e-06    5.3514048447e-08
 753.0000000    6.9588603905e-07    1.5029951841e-07   -1.0096526685e-05    4.7627423688e-08
 754.0000000    7.1049529780e-07    1.5366506955e-07   -1.1619976361e-05    4.0165006792e-08
 755.0000000    6.9239306454e-07    1.4979798726e-07   -1.2669508854e-05    3.1056439497e-08
 756.0000000    6.4684291198e-07    1.3838065319e-07   -1.3237571557e-05    2.0405628475e-08
 757.0000000    5.8005196665e-07    1.1954205360e-07   -1.3334820366e-05    8.5574870833e-09
 758.0000000    4.9864365303e-07    9.3852657389e-08   -1.2988515541e-05   -3.8878888178e-09
 759.0000000    4.0914539069e-07    6.2272321123e-08   -1.2240385251e-05   -1.6115457806e-08
 760.0000000    3.1753939254e-07    2.6068830836e-08   -1.1144090405e-05   -2.7181065424e-08
 761.0000000    2.2890754851e-07   -1.3270083979e-08   -9.7624170872e-06   -3.6128122769e-08
 762.0000000    1.4718700769e-07   -5.4111859631e-08   -8.1643213661e-06   -4.2118515933e-08
 763.0000000    7.5046000855e-08   -9.4732007013e-08   -6.4219511500e-06   -4.4560539671e-08
 764.0000000    1.3886352667e-08   -1.3334793699e-07   -4.6077620721e-06   -4.3214774662e-08
 765.0000000   -3.6026842645e-08   -1.6814681673e-07   -2.7918241170e-06   -3.8256509602e-08
 766.0000000   -7.5321007447e-08   -1.9732471006e-07   -1.0393875673e-06   -3.0274776112e-08
 767.0000000   -1.0518792270e-07   -2.1915112240e-07    5.9124813837e-07   -2.0197635739e-08
 768.0000000   -1.2701763943e-07   -2.3206388077e-07    2.0505310500e-06   -9.1510695652e-09
 769.0000000   -1.4204649541e-07   -2.3478725800e-07    3.2990843157e-06    1.7212036693e-09
 770.0000000   -1.5106596234e-07   -2.2645598348e-07    4.3087192720e-06    1.1436096245e-08
 771.0000000   -1.5422637515e-07   -2.0672310303e-07    5.0629809208e-06    1.9306168216e-08
 772.0000000   -1.5095570438e-07   -1.7583204436e-07    5.5571772964e-06    2.5001941435e-08
 773.0000000   -1.4000215690e-07   -1.3464106893e-07    5.7978641521e-06    2.8531797373e-08
 774.0000000   -1.1959982631e-07   -8.4597860294e-08    5.8017890723e-06    3.0149813104e-08
 775.0000000   -8.7745683309e-08   -2.7669786743e-08    5.5943395908e-06    3.0217700092e-08
 776.0000000   -4.2562000274e-08    3.3760202044e-08    5.2075835966e-06    2.9056951217e-08
 777.0000000    1.7297302820e-08    9.7020476995e-08    4.6780333389e-06    2.6830541401e-08
 778.0000000    9.2250003760e-08    1.5928859853e-07    4.0443009765e-06    2.3488532306e-08
 779.0000000    1.8145588881e-07    2.1772860424e-07    3.3448353872e-06    1.8796856112e-08
 780.0000000    2.8260464721e-07    2.6961718348e-07    2.6159265149e-06    1.2444815810e-08
 781.0000000    3.9185660259e-07    3.1245077662e-07    1.8901288700e-06    4.2008509209e-09
 782.0000000    5.0395121819e-07    3.4402992743e-07    1.1951929739e-06   -5.9320772886e-09
 783.0000000    6.1247682570e-07    3.6252253274e-07    5.5351719540e-07   -1.7612178998e-08
 784.0000000    7.1027519624e-07    3.6651257123e-07   -1.7937298891e-08   -3.0140321243e-08
 785.0000000    7.8993862046e-07    3.5504387098e-07   -5.0737189462e-07   -4.2534408386e-08
 786.0000000    8.4434743538e-07    3.2766824280e-07   -9.0763684831e-07   -5.3675468875e-08
 787.0000000    8.6719449590e-07    2.8450326609e-07   -1.2155942072e-06   -6.2485298805e-08
 788.0000000    8.5345019408e-07    2.2629762404e-07   -1.4314569933e-06   -6.8090733266e-08
 789.0000000    7.9973493572e-07    1.5449304024e-07   -1.5581848139e-06   -6.9937788026e-08
 790.0000000    7.0458088446e-07    7.1264668772e-08   -1.6009922271e-06   -6.7835236876e-08
 791.0000000    5.6857653135e-07   -2.0480696991e-08   -1.5669936343e-06   -6.1926165934e-08
 792.0000000    3.9439415303e-07   -1.1716553481e-07   -1.4649677122e-06   -5.2603246546e-08
 793.0000000    1.8670274713e-07   -2.1466973055e-07   -1.3051850447e-06   -4.0395622737e-08
 794.0000000   -4.8028906281e-08   -3.0852293927e-07   -1.0992201969e-06   -2.5860283596e-08
 795.0000000   -3.0182963255e-07   -3.9414794513e-07   -8.5967507342e-07   -9.5074773422e-09
 796.0000000   -5.6560632423e-07   -4.6713397988e-07   -5.9977267467e-07    8.2211432138e-09
 797.0000000   -8.2958112701e-07   -5.2351393973e-07   -3.3282556995e-07    2.6918879172e-08
 798.0000000   -1.0837525932e-06   -5.6001716638e-07   -7.1623232123e-08    4.6138991856e-08
 799.0000000   -1.3183465669e-06   -5.7427086956e-07    1.7219560650e-07    6.5305993069e-08
 800.0000000   -1.5242263586e-06   -5.6492989666e-07    3.8871702194e-07    8.3646992415e-08
 801.0000000   -1.6932391563e-06   -5.3172669735e-07    5.7021432240e-07    1.0017328102e-07
 802.0000000   -1.8184844833e-06   -4.7544854661e-07    7.1145605894e-07    1.1372910830e-07
 803.0000000   -1.8944993532e-06   -3.9786223545e-07    8.0983261711e-07    1.2310491388e-07
 804.0000000   -1.9173632812e-06   -3.0161209159e-07    8.6529104619e-07    1.2719220342e-07
 805.0000000   -1.8847343817e-06   -1.9011278932e-07    8.8008690075e-07    1.2514391561e-07
 806.0000000   -1.7958351404e-06   -6.7446027172e-08    8.5838304432e-07    1.1650246582e-07
 807.0000000   -1.6514116370e-06    6.1744536628e-08    8.0574453084e-07    1.0126802868e-07
 808.0000000   -1.4536910819e-06    1.9237625476e-07    7.2859056698e-07    7.9897495595e-08
 809.0000000   -1.2063575213e-06    3.1908681291e-07    6.3366532731e-07    5.3242818473e-08
 810.0000000   -9.1455391324e-07    4.3644201732e-07    5.2757870903e-07    2.2450334126e-08
 811.0000000   -5.8490166332e-07    5.3919175328e-07    4.1644948917e-07   -1.1152159710e-08
 812.0000000   -2.2551004665e-07    6.2255937533e-07    3.0566208403e-07   -4.6155524571e-08
 813.0000000    1.5406686714e-07    6.8253711255e-07    1.9972957148e-07   -8.1138226317e-08
 814.0000000    5.4297314572e-07    7.1615233525e-07    1.0224367591e-07   -1.1469612781e-07
 815.0000000    9.2933229358e-07    7.2166911348e-07    1.5888456323e-08   -1.4543812036e-07
 816.0000000    1.3006824992e-06    6.9869730452e-07   -5.7502345601e-08   -1.7196570594e-07
 817.0000000    1.6445489734e-06    6.4819646541e-07   -1.1685656223e-07   -1.9286341026e-07
 818.0000000    1.9491030324e-06    5.7238047078e-07   -1.6174763416e-07   -2.0672650644e-07
 819.0000000    2.2038327686e-06    4.7454540730e-07   -1.9225143165e-07   -2.1224111759e-07
 820.0000000    2.4001415467e-06    3.5885283672e-07   -2.0877854757e-07   -2.0831270488e-07
 821.0000000    2.5318010105e-06    2.3010013944e-07   -2.1189388205e-07   -1.9421972733e-07
 822.0000000    2.5952116751e-06    9.3500537952e-08   -2.0214707232e-07   -1.6975785309e-07
 823.0000000    2.5894589582e-06   -4.5518209273e-08   -1.7994530091e-07   -1.3534050501e-07
 824.0000000    2.5161861988e-06   -1.8149996956e-07   -1.4549935074e-07   -9.2032464203e-08
 825.0000000    2.3793304454e-06   -3.0914203990e-07   -9.8863046593e-08   -4.1509327291e-08
 826.0000000    2.1847767742e-06   -4.2348354428e-07   -4.0068740704e-08    1.4048989436e-08
 827.0000000    1.9399821794e-06   -5.2010524923e-07    3.0657437112e-08    7.2111582563e-08
 828.0000000    1.6536045059e-06   -5.9533556575e-07    1.1263285616e-07    1.2997227698e-07
 829.0000000    1.3351518834e-06   -6.4644680853e-07    2.0445166768e-07    1.8492292307e-07
 830.0000000    9.9465088078e-07   -6.7181783027e-07    3.0376367851e-07    2.3440318959e-07
 831.0000000    6.4232260704e-07   -6.7103690160e-07    4.0714817023e-07    2.7611265054e-07
 832.0000000    2.8825746576e-07   -6.4492371828e-07    5.1012310924e-07    3.0808002893e-07
 833.0000000   -5.7910616984e-08   -5.9546103096e-07    6.0731047518e-07    3.2869416321e-07
 834.0000000   -3.8731601808e-07   -5.2564147821e-07    6.9274996685e-07    3.3670967044e-07
 835.0000000   -6.9213397837e-07   -4.3924916041e-07    7.6032321121e-07    3.3124530482e-07
 836.0000000   -9.6578554640e-07   -3.4060414802e-07    8.0422860321e-07    3.1179324535e-07
 837.0000000   -1.2030531077e-06   -2.3429949464e-07    8.1944061724e-07    2.7825241365e-07
 838.0000000   -1.4000989301e-06   -1.2495516762e-07    8.0209794012e-07    2.3098921123e-07
 839.0000000   -1.5543963696e-06   -1.7004526296e-08    7.4978639668e-07    1.7091709946e-07
 840.0000000   -1.6645983464e-06    8.5480167383e-08    6.6170639670e-07    9.9575498687e-08
 841.0000000   -1.7303763567e-06    1.7892375098e-07    5.3873281737e-07    1.9182189442e-08
 842.0000000   -1.7522640599e-06    2.6035006824e-07    3.8338454195e-07   -6.7366101723e-08
 843.0000000   -1.7315329880e-06    3.2745481977e-07    1.9972195763e-07   -1.5656281209e-07
 844.0000000   -1.6701165836e-06    3.7865267214e-07   -6.8131908692e-09   -2.4443605485e-07
 845.0000000   -1.5705852695e-06    4.1309900483e-07   -2.2960678953e-07   -3.2676061155e-07
 846.0000000   -1.4361624513e-06    4.3068392315e-07   -4.6112557382e-07   -3.9931754224e-07
 847.0000000   -1.2707613967e-06    4.3199512112e-07   -6.9321091717e-07   -4.5817327863e-07
 848.0000000   -1.0790174081e-06    4.1824760653e-07   -9.1740622738e-07   -4.9994646260e-07
 849.0000000   -8.6628941827e-07    3.9118205817e-07   -1.1253042054e-06   -5.2203225854e-07
 850.0000000   -6.3860996097e-07    3.5293845945e-07   -1.3088925169e-06   -5.2276041426e-07
 851.0000000   -4.0257123145e-07    3.0591583661e-07   -1.4608713369e-06   -5.0147436821e-07
 852.0000000   -1.6514574592e-07    2.5263090373e-07   -1.5749167126e-06   -4.5853238628e-07
 853.0000000    6.6549516714e-08    1.9558758124e-07   -1.6458712112e-06   -3.9524489146e-07
 854.0000000    2.8552865936e-07    1.3716618553e-07   -1.6698563527e-06   -3.1377113502e-07
 855.0000000    4.8523100086e-07    7.9536874257e-08   -1.6443166111e-06   -2.1700026661e-07
 856.0000000    6.5981204720e-07    2.4598031421e-08   -1.5680179112e-06   -1.0843602139e-07
 857.0000000    8.0441133859e-07   -2.6062270325e-08   -1.4410303311e-06    7.9073939381e-09
 858.0000000    9.1537988020e-07   -7.1184646835e-08   -1.2647230199e-06    1.2760388757e-07
 859.0000000    9.9045204054e-07   -1.0983956478e-07   -1.0417886355e-06    2.4592445678e-07
 860.0000000    1.0288483497e-06   -1.4141409210e-07   -7.7629781507e-07    3.5797587042e-07
 861.0000000    1.0312974683e-06   -1.6558732568e-07   -4.7376528960e-07    4.5888357685e-07
 862.0000000    9.9996953459e-07   -1.8229826517e-07   -1.4119375175e-07    5.4402153717e-07
 863.0000000    9.3832056361e-07   -1.9171055462e-07    2.1294623419e-07    6.0927633904e-07
 864.0000000    8.5085864904e-07   -1.9417847514e-07    5.7883951928e-07    6.5131870545e-07
 865.0000000    7.4285538718e-07   -1.9021753863e-07    9.4557915375e-07    6.6784673860e-07
 866.0000000    6.2003628773e-07   -1.8048119686e-07    1.3015541119e-06    6.5776479360e-07
 867.0000000    4.8828765044e-07   -1.6574298383e-07    1.6349528934e-06    6.2127037847e-07
 868.0000000    3.5341135460e-07   -1.4688135190e-07    1.9343410880e-06    5.5983689289e-07
 869.0000000    2.2094357005e-07   -1.2486299384e-07    2.1892552543e-06    4.7609844431e-07
 870.0000000    9.6032487730e-08   -1.0071999681e-07    2.3907505087e-06    3.7365931160e-07
 871.0000000   -1.6649216798e-08   -7.5517176449e-08    2.5318465739e-06    2.5686048003e-07
 872.0000000   -1.1299188200e-07   -5.0308633574e-08    2.6078348102e-06    1.3053650808e-07
 873.0000000   -1.8956771498e-07   -2.6086394296e-08    2.6164323670e-06   -2.1175614194e-10
 874.0000000   -2.4379521298e-07   -3.7277860847e-09    2.5577926053e-06   -1.3021621030e-07
 875.0000000   -2.7413758451e-07    1.6049785504e-08    2.4343974182e-06   -2.5441355846e-07
 876.0000000   -2.8029798649e-07    3.2718750837e-08    2.2508635598e-06   -3.6800137159e-07
 877.0000000   -2.6335818596e-07    4.5951523002e-08    2.0136914197e-06   -4.6659202353e-07
 878.0000000   -2.2580683976e-07    5.5611202203e-08    1.7309746236e-06   -5.4637435554e-07
 879.0000000   -1.7142022043e-07    6.1727410569e-08    1.4120774951e-06   -6.0428383368e-07
 880.0000000   -1.0498775747e-07    6.4464246813e-08    1.0672799727e-06   -6.3817097538e-07
 881.0000000   -3.1909048980e-08    6.4087523274e-08    7.0738881195e-07   -6.4694817756e-07
 882.0000000    4.2281429754e-08    6.0936935239e-08    3.4332001900e-07   -6.3068962996e-07
 883.0000000    1.1238888461e-07    5.5406368486e-08   -1.4331954166e-08   -5.9065968848e-07
 884.0000000    1.7395926130e-07    4.7932812709e-08   -3.5571136092e-07   -5.2925267388e-07
 885.0000000    2.2355121050e-07    3.8991695658e-08   -6.7206969032e-07   -4.4984055587e-07
 886.0000000    2.5885287166e-07    2.9094397122e-08   -9.5604949301e-07   -3.5654131385e-07
 887.0000000    2.7865158730e-07    1.8782775679e-08   -1.2018551218e-06   -2.5393546384e-07
 888.0000000    2.8269485063e-07    8.6162085884e-09   -1.4052980274e-06   -1.4676672010e-07
 889.0000000    2.7149940452e-07   -8.5102204023e-10   -1.5637251964e-06   -3.9662403319e-08
 890.0000000    2.4616784993e-07   -9.1009727026e-09   -1.6758593254e-06    6.3099505529e-08
 891.0000000    2.0825828117e-07   -1.5687808553e-08   -1.7415926753e-06    1.5776333291e-07
 892.0000000    1.5972638634e-07   -2.0272194095e-08   -1.7617793069e-06    2.4120880638e-07
 893.0000000    1.0292899824e-07   -2.2648271584e-08   -1.7380625715e-06    3.1101362980e-07
 894.0000000    4.0652086316e-08   -2.2758685895e-08   -1.6727594904e-06    3.6547817825e-07
 895.0000000   -2.3887421357e-08   -2.0695520741e-08   -1.5688058952e-06    4.0362325193e-07
 896.0000000   -8.7113483538e-08   -1.6687688768e-08   -1.4297505316e-06    4.2516766361e-07
 897.0000000   -1.4526467570e-07   -1.1077581870e-08   -1.2597753027e-06    4.3048829215e-07
 898.0000000   -1.9466788490e-07   -4.2912381401e-09   -1.0637139472e-06    4.2056273752e-07
 899.0000000   -2.3207774032e-07    3.1933465288e-09   -8.4704243375e-07    3.9689397391e-07
 900.0000000   -2.5502256866e-07    1.0875903889e-08   -6.1582083380e-07    3.6141706731e-07
 901.0000000   -2.6208745969e-07    1.8259426990e-08   -3.7657658604e-07    3.1638966041e-07
 902.0000000   -2.5307282645e-07    2.4871450601e-08   -1.3613067053e-07    2.6427016433e-07
 903.0000000   -2.2899085434e-07    3.0282711261e-08    9.8621928771e-08    2.0759022631e-07
 904.0000000   -1.9189614735e-07    3.4125495849e-08    3.2095995752e-07    1.4883025015e-07
 905.0000000   -1.4458182185e-07    3.6113345392e-08    5.2459280811e-07    9.0307665283e-08
 906.0000000   -9.0199621470e-08    3.6062044365e-08    7.0390934635e-07    3.4086422686e-08
 907.0000000   -3.1875761444e-08    3.3909694436e-08    8.5420445756e-07   -1.8087033414e-08
 908.0000000    2.7609279678e-08    2.9732002660e-08    9.7187168337e-07   -6.4820262291e-08
 909.0000000    8.6027163783e-08    2.3748325211e-08    1.0545518559e-06   -1.0508628467e-07
 910.0000000    1.4177243098e-07    1.6314749196e-08    1.1012285675e-06   -1.3821438211e-07
 911.0000000    1.9380606438e-07    7.9023665493e-09    1.1122626328e-06   -1.6386474847e-07
 912.0000000    2.4150586112e-07   -9.3859813039e-10    1.0893602156e-06   -1.8199103316e-07
 913.0000000    2.8447268403e-07   -9.6255567303e-09    1.0354733397e-06   -1.9279470653e-07
 914.0000000    3.2234390478e-07   -1.7595789572e-08    9.5463699675e-07   -1.9667591468e-07
 915.0000000    3.5465568578e-07   -2.4357420213e-08    8.5175339020e-07   -1.9418623752e-07
 916.0000000    3.8077793291e-07   -2.9532289441e-08    7.3233990709e-07   -1.8598853753e-07
 917.0000000    3.9992523272e-07   -3.2885092032e-08    6.0226135819e-07   -1.7282716365e-07
 918.0000000    4.1122924451e-07   -3.4335486780e-08    4.6746748502e-07   -1.5550875317e-07
 919.0000000    4.1384684445e-07   -3.3952855572e-08    3.3375280331e-07   -1.3489084209e-07
 920.0000000    4.0707536092e-07   -3.1936205643e-08    2.0654829014e-07   -1.1187357945e-07
 921.0000000    3.9045066966e-07   -2.8583746278e-08    9.0745621679e-08   -8.7389385980e-08
 922.0000000    3.6381314260e-07   -2.4257478586e-08   -9.4525715716e-09   -6.2386080753e-08
 923.0000000    3.2733698430e-07   -1.9347782893e-08   -9.0665951235e-08   -3.7800432217e-08
 924.0000000    2.8152745560e-07   -1.4241774501e-08   -1.5046019049e-07   -1.4521262208e-08
 925.0000000    2.2719588684e-07   -9.2975741292e-09   -1.8746056482e-07    6.6557287842e-09
 926.0000000    1.6542374411e-07   -4.8250277338e-09   -2.0144456351e-07    2.5075596335e-08
 927.0000000    9.7525015533e-08   -1.0721034244e-09   -1.9339323201e-07    4.0265362801e-08
 928.0000000    2.5012146585e-08    1.7845349816e-09   -1.6547634025e-07    5.1959099565e-08
 929.0000000   -5.0433619521e-08    3.6462794774e-09   -1.2094966929e-07    6.0099711663e-08
 930.0000000   -1.2699011324e-07    4.4974300106e-09   -6.3954428333e-08    6.4815786247e-08
 931.0000000   -2.0272451719e-07    4.4076919647e-09    7.7318098364e-10    6.6378512843e-08
 932.0000000   -2.7562982044e-07    3.5306457259e-09    6.8254811181e-08    6.5148850252e-08
 933.0000000   -3.4366910827e-07    2.0958538771e-09    1.3364276724e-07    6.1527045966e-08
 934.0000000   -4.0482655614e-07    3.9264038731e-10    1.9256434208e-07    5.5914942641e-08
 935.0000000   -4.5716148453e-07   -1.2550175204e-09    2.4139429528e-07    4.8697181747e-08
 936.0000000   -4.9886064850e-07   -2.5209117858e-09    2.7742679600e-07    4.0242040006e-08
 937.0000000   -5.2828453264e-07   -3.1126305457e-09    2.9893872978e-07    3.0917437036e-08
 938.0000000   -5.4400566647e-07   -2.8059971021e-09    3.0515754701e-07    2.1113613747e-08
 939.0000000   -5.4484013268e-07   -1.4724183214e-09    2.9616378882e-07    1.1261815742e-08
 940.0000000   -5.2987641169e-07    9.0531708827e-10    2.7276677822e-07    1.8387296244e-09
 941.0000000   -4.9850725493e-07    4.2311748066e-09    2.3638960766e-07   -6.6501339148e-09
 942.0000000   -4.5046968025e-07    8.3076835983e-09    1.8898683276e-07   -1.3708900905e-08
 943.0000000   -3.8589519223e-07    1.2858664281e-08    1.3299881177e-07   -1.8905391660e-08
 944.0000000   -3.0536764082e-07    1.7558384903e-08    7.1326126188e-08   -2.1928816361e-08
 945.0000000   -2.0998096432e-07    2.2062059386e-08    7.2927668318e-09   -2.2636887993e-08
 946.0000000   -1.0138501133e-07    2.6033254677e-08   -5.5437356486e-08   -2.1080256753e-08
 947.0000000    1.8193961900e-08    2.9165420158e-08   -1.1301755008e-07   -1.7497975243e-08
 948.0000000    1.4596990203e-07    3.1196852505e-08   -1.6165712237e-07   -1.2285151720e-08
 949.0000000    2.7865782995e-07    3.1920339129e-08   -1.9792546484e-07   -5.9406892770e-09
 950.0000000    4.1257947245e-07    3.1189856455e-08   -2.1908197680e-07    9.9295861976e-10
 951.0000000    5.4380695014e-07    2.8926744443e-08   -2.2337692090e-07    7.9855423478e-09
 952.0000000    6.6833173043e-07    2.5126761133e-08   -2.1026507391e-07    1.4560560543e-08
 953.0000000    7.8224224249e-07    1.9867767542e-08   -1.8048497856e-07    2.0317889165e-08
 954.0000000    8.8189278127e-07    1.3316134171e-08   -1.3597985954e-07    2.4938505717e-08
 955.0000000    9.6404855828e-07    5.7289079432e-09   -7.9666909999e-08    2.8177252408e-08
 956.0000000    1.0259965074e-06   -2.5512624297e-09   -1.5092204062e-08    2.9852311087e-08
 957.0000000    1.0656176833e-06   -1.1110489597e-08    5.3968867281e-08    2.9839929227e-08
 958.0000000    1.0814234478e-06   -1.9487643989e-08    1.2389670849e-07    2.8079875409e-08
 959.0000000    1.0725627177e-06   -2.7206388469e-08    1.9153593484e-07    2.4592067813e-08
 960.0000000    1.0388102015e-06   -3.3811943860e-08    2.5438477515e-07    1.9499372850e-08
 961.0000000    9.8054525614e-07   -3.8908251508e-08    3.1065096747e-07    1.3047536568e-08
 962.0000000    8.9872806521e-07   -4.2190983295e-08    3.5918799630e-07    5.6120548629e-09
 963.0000000    7.9487543000e-07   -4.3472522965e-08    3.9934811227e-07   -2.3158966722e-09
 964.0000000    6.7103412653e-07   -4.2696379432e-08    4.3080068675e-07   -1.0167223899e-08
 965.0000000    5.2974687297e-07   -3.9940111643e-08    4.5336435257e-07   -1.7352678808e-08
 966.0000000    3.7400532015e-07   -3.5407403809e-08    4.6689035388e-07   -2.3331224428e-08
 967.0000000    2.0718605918e-07   -2.9411017810e-08    4.7121606030e-07   -2.7676295206e-08
 968.0000000    3.2968819987e-08   -2.2348862869e-08    4.6618701785e-07   -3.0127238525e-08
 969.0000000   -1.4476027246e-07   -1.4675385735e-08    4.5172849074e-07   -3.0616306314e-08
 970.0000000   -3.2201416056e-07   -6.8701850899e-09    4.2793724733e-07   -2.9266891305e-08
 971.0000000   -4.9481073775e-07    5.9453366317e-10    3.9516305880e-07   -2.6364739684e-08
 972.0000000   -6.5927040646e-07    7.2861298648e-09    3.5405601690e-07   -2.2309267222e-08
 973.0000000   -8.1169803085e-07    1.2841620626e-08    3.0556751473e-07   -1.7555524317e-08
 974.0000000   -9.4864510525e-07    1.6993696033e-08    2.5090571339e-07   -1.2558133905e-08
 975.0000000   -1.0669521644e-06    1.9590444676e-08    1.9145736038e-07   -7.7265068304e-09
 976.0000000   -1.1637757690e-06    2.0606677608e-08    1.2869451904e-07   -3.3964651208e-09
 977.0000000   -1.2366077711e-06    2.0145221804e-08    6.4086328886e-08    1.8157452257e-10
 978.0000000   -1.2832960505e-06    1.8427469128e-08   -9.6734521281e-10    2.8420472258e-09
 979.0000000   -1.3020751762e-06    1.5773626092e-08   -6.5170340533e-08    4.4977069641e-09
 980.0000000   -1.2916125340e-06    1.2574357974e-08   -1.2733113726e-07    5.1332298206e-09
 981.0000000   -1.2510711620e-06    9.2565064498e-09   -1.8633673597e-07    4.8024832527e-09
 982.0000000   -1.1801857503e-06    6.2461546890e-09   -2.4111153064e-07    3.6294104405e-09
 983.0000000   -1.0793439633e-06    3.9323571931e-09   -2.9057538880e-07    1.8092176439e-09
 984.0000000   -9.4966224318e-07    2.6344522859e-09   -3.3361372243e-07   -3.9510682783e-10
 985.0000000   -7.9304408150e-07    2.5752074248e-09   -3.6906815504e-07   -2.6656108197e-09
 986.0000000   -6.1220957563e-07    3.8613541647e-09   -3.9575097267e-07   -4.6539456655e-09
 987.0000000   -4.1068781299e-07    6.4724969287e-09   -4.1248141653e-07   -6.0167439735e-09
 988.0000000   -1.9276776897e-07    1.0258985656e-08   -4.1813812752e-07   -6.4573988030e-09
 989.0000000    3.6591884934e-08    1.4949047024e-08   -4.1172032398e-07   -5.7672551251e-09
 990.0000000    2.7188924507e-07    2.0165129309e-08   -3.9241050491e-07   -3.8582848232e-09
 991.0000000    5.0723383420e-07    2.5448954677e-08   -3.5963330356e-07   -7.8036364163e-10
 992.0000000    7.3651983403e-07    3.0294130720e-08   -3.1310770192e-07    3.2808988574e-09
 993.0000000    9.5360846638e-07    3.4184424256e-08   -2.5289233543e-07    8.0257803589e-09
 994.0000000    1.1525116602e-06    3.6635033106e-08   -1.7942507547e-07    1.3077393820e-08
 995.0000000    1.3275713930e-06    3.7233578136e-08   -9.3557870469e-08    1.8026646483e-08
 996.0000000    1.4736312544e-06    3.5677204553e-08    3.4140715049e-09    2.2476585725e-08
 997.0000000    1.5861982098e-06    3.1802297892e-08    1.0973264697e-07    2.6078433396e-08
 998.0000000    1.6615929558e-06    2.5603900173e-08    2.2317347672e-07    2.8554456255e-08
 999.0000000    1.6970865486e-06    1.7242928346e-08    3.4106688383e-07    2.9706765357e-08
1000.0000000    1.6910194835e-06    7.0406130692e-09    4.6035049764e-07    2.9414903941e-08
